交易日期 ,融资余额（上海）,融资余额（深圳）,融资余额（合计）,本日融资买入（上海）,本日融资买入（深圳）,本日融资买入（合计）,本日融券余额（上海）,本日融券余额（深圳）,本日融券余额（合计）,本日融资融券余额（上海）,本日融资融券余额（深圳）,本日融资融券余额（合计）
2016-09-27,494949863817,391522116061,886471979878,14803735855,15441692919,30245428774,2904498020,937329013,3841827033,497854361837,392459445074,890313806911
2016-09-26,495311007534,391915973566,887226981100,18398310421,18130939706,36529250127,2921256301,931878756,3853135057,498232263835,392847852322,891080116157
2016-09-23,495548458994,392478028148,888026487142,15777430126,16623272527,32400702653,2757532261,954616637,3712148898,498305991255,393432644785,891738636040
2016-09-22,497769188223,394417716166,892186904389,18424362327,19015214028,37439576355,2842252320,999040713,3841293033,500611440543,395416756879,896028197422
2016-09-21,498866810752,394829065691,893695876443,14949437717,15850972394,30800410111,2786995059,986778800,3773773859,501653805811,395815844491,897469650302
2016-09-20,498636196708,394236340314,892872537022,15176233151,14501641046,29677874197,2789447018,947959658,3737406676,501425643726,395184299972,896609943698
2016-09-19,497965398653,394070119476,892035518129,15970987319,15153218532,31124205851,2886141226,936748575,3822889801,500851539879,395006868051,895858407930
2016-09-14,496229314357,393414861047,889644175404,15678069181,16312385246,31990454427,2560130168,889788953,3449919121,498789444525,394304650000,893094094525
2016-09-13,499635099269,396391203565,896026302834,18045851868,18843872803,36889724671,2715487728,948217312,3663705040,502350586997,397339420877,899690007874
2016-09-12,499740145178,397396740923,897136886101,25293646673,25079428803,50373075476,2893896356,929227492,3823123848,502634041534,398325968415,900960009949
2016-09-09,501701136676,398710811034,900411947710,21402589584,22704002910,44106592494,2887751901,945092502,3832844403,504588888577,399655903536,904244792113
2016-09-08,503708906192,400149497276,903858403468,19861671600,22319623903,42181295503,2941733401,985531294,3927264695,506650639593,401135028570,907785668163
2016-09-07,503273563343,399149369472,902422932815,25787343636,26094578704,51881922340,3021243613,954426327,3975669940,506294806956,400103795799,906398602755
2016-09-06,503013816371,399371816383,902385632754,24868965139,27821018520,52689983659,2942855884,944032443,3886888327,505956672255,400315848826,906272521081
2016-09-05,500516748119,395605122665,896121870784,19738718257,17748067803,37486786060,2926669963,884170548,3810840511,503443418082,396489293213,899932711295
2016-09-02,499592197550,395974853401,895567050951,19720914539,19202021248,38922935787,3055378796,871117401,3926496197,502647576346,396845970802,899493547148
2016-09-01,501535695782,397570811304,899106507086,20956719333,20916321134,41873040467,3021949312,891846504,3913795816,504557645094,398462657808,903020302902
2016-08-31,501716007963,397999248893,899715256856,20539638820,20920039177,41459677997,2972281463,901468958,3873750421,504688289426,398900717851,903589007277
2016-08-30,501004637549,396776383866,897781021415,18127747375,19205781586,37333528961,2942132684,854135336,3796268020,503946770233,397630519202,901577289435
2016-08-29,501477435834,396330195592,897807631426,19262597443,19446515943,38709113386,2723176228,821525361,3544701589,504200612062,397151720953,901352333015
2016-08-26,499937745356,395649660961,895587406317,20244740587,21635063284,41879803871,2648511173,825323999,3473835172,502586256529,396474984960,899061241489
2016-08-25,500791792381,396900530333,897692322714,23464991931,22633766687,46098758618,2748060930,887214029,3635274959,503539853311,397787744362,901327597673
2016-08-24,500400801436,397106022692,897506824128,20520998519,19969756603,40490755122,2753149425,869404393,3622553818,503153950861,397975427085,901129377946
2016-08-23,499734417220,396447065441,896181482661,23174573771,20799118089,43973691860,2793503662,894482582,3687986244,502527920882,397341548023,899869468905
2016-08-22,499145177131,396486712819,895631889950,27494751512,24431927634,51926679146,2738433455,889332501,3627765956,501883610586,397376045320,899259655906
2016-08-19,498282428488,395762967481,894045395969,28438491033,25434211760,53872702793,2677317602,907626017,3584943619,500959746090,396670593498,897630339588
2016-08-18,498543748648,395680122388,894223871036,35091631592,31619330529,66710962121,2638732511,936431022,3575163533,501182481159,396616553410,897799034569
2016-08-17,495659051254,394169383388,889828434642,32177481153,30707008629,62884489782,2685725798,920725377,3606451175,498344777052,395090108765,893434885817
2016-08-16,493566088751,392943224763,886509313514,41889657998,34729196338,76618854336,2754629970,893125785,3647755755,496320718721,393836350548,890157069269
2016-08-15,486485232335,390060855175,876546087510,45599596654,40429860358,86029457012,2883440312,902896198,3786336510,489368672647,390963751373,880332424020
2016-08-12,479839424564,385738773943,865578198507,22006966793,20137757361,42144724154,2705740435,839059125,3544799560,482545164999,386577833068,869122998067
2016-08-11,480775762109,387328864009,868104626118,22024349627,21532221324,43556570951,2772890637,877692339,3650582976,483548652746,388206556348,871755209094
2016-08-10,480718943503,386889913526,867608857029,22612841898,23291258482,45904100380,2736885063,879904468,3616789531,483455828566,387769817994,871225646560
2016-08-09,479047204988,385033514768,864080719756,22848524757,23373078872,46221603629,2643024561,884707507,3527732068,481690229549,385918222275,867608451824
2016-08-08,477819998514,383280692414,861100690928,21430172220,20650848395,42081020615,2615946503,847209325,3463155828,480435945017,384127901739,864563846756
2016-08-05,476692801710,381275123721,857967925431,18678111692,17873537427,36551649119,2474642813,846993206,3321636019,479167444523,382122116927,861289561450
2016-08-04,477637950967,383325989005,860963939972,18769312405,20207754087,38977066492,2512008832,826427259,3338436091,480149959799,384152416264,864302376063
2016-08-03,476932091555,382354486220,859286577775,18468077204,15764416395,34232493599,2460715830,807837087,3268552917,479392807385,383162323307,862555130692
2016-08-02,476393053057,382892321734,859285374791,14878698033,13450596083,28329294116,2350121715,779187729,3129309444,478743174772,383671509463,862414684235
2016-08-01,476355670754,383762696120,860118366874,18019034247,18719900548,36738934795,2352431485,738545404,3090976889,478708102239,384501241524,863209343763
2016-07-29,478048309022,385680751071,863729060093,19644960366,19281063734,38926024100,2373197134,789482328,3162679462,480421506156,386470233399,866891739555
2016-07-28,480421749174,388343977890,868765727064,26674128603,26617650851,53291779454,2485031794,814460331,3299492125,482906780968,389158438221,872065219189
2016-07-27,482124688799,390475263964,872599952763,38181156047,40077927365,78259083412,2502229053,800155228,3302384281,484626917852,391275419192,875902337044
2016-07-26,487693941995,396457443656,884151385651,23503719129,26036084643,49539803772,2449075034,846984328,3296059362,490143017029,397304427984,887447445013
2016-07-25,486965174977,395350135255,882315310232,21623531740,26317906353,47941438093,2265389528,823381490,3088771018,489230564505,396173516745,885404081250
2016-07-22,485774399944,394500460181,880274860125,24165846980,28272987656,52438834636,2273696518,845072915,3118769433,488048096462,395345533096,883393629558
2016-07-21,487493320212,395469828323,882963148535,25317838648,28350972629,53668811277,2446552497,866076062,3312628559,489939872709,396335904385,886275777094
2016-07-20,486271452106,395925424976,882196877082,21205037443,26038011069,47243048512,2339523643,839379639,3178903282,488610975749,396764804615,885375780364
2016-07-19,485650291962,395551259363,881201551325,23944297057,28168447762,52112744819,2313343445,776645998,3089989443,487963635407,396327905361,884291540768
2016-07-18,483284066990,393071094199,876355161189,26067867176,30303484357,56371351533,2326851515,757903433,3084754948,485610918505,393828997632,879439916137
2016-07-15,481144294514,390962853536,872107148050,25326907353,31837526539,57164433892,2244011673,746076388,2990088061,483388306187,391708929924,875097236111
2016-07-14,482059531983,391710863704,873770395687,27102641122,32891596076,59994237198,2366026078,743170829,3109196907,484425558061,392454034533,876879592594
2016-07-13,481908335239,390331099588,872239434827,36678423531,40480632873,77159056404,2356322937,747479564,3103802501,484264658176,391078579152,875343237328
2016-07-12,482110757617,387942883864,870053641481,36821977122,38637706509,75459683631,2549096995,738645599,3287742594,484659854612,388681529463,873341384075
2016-07-11,479342990976,385839187853,865182178829,32614662316,35532428068,68147090384,2469632807,698548939,3168181746,481812623783,386537736792,868350360575
2016-07-08,478082382396,385152341160,863234723556,23389548398,31983545849,55373094247,2349687842,722690459,3072378301,480432070238,385875031619,866307101857
2016-07-07,480968164323,386013007959,866981172282,31988828163,38899479249,70888307412,2487269285,699305083,3186574368,483455433608,386712313042,870167746650
2016-07-06,480194633761,383173651219,863368284980,29106028080,33003848167,62109876247,2419211393,700700482,3119911875,482613845154,383874351701,866488196855
2016-07-05,478894481453,381331228915,860225710368,32734362701,34031095749,66765458450,2446240005,620641764,3066881769,481340721458,381951870679,863292592137
2016-07-04,477343099023,379580085363,856923184386,32130856359,34589540568,66720396927,2302250937,575445937,2877696874,479645349960,380155531300,859800881260
2016-07-01,473366707712,375007147360,848373855072,19675919674,24905110070,44581029744,2099563495,577685460,2677248955,475466271207,375584832820,851051104027
2016-06-30,474937137098,375955954387,850893091485,21467742218,28730238118,50197980336,2101251811,589202930,2690454741,477038388909,376545157317,853583546226
2016-06-29,475231804471,374605749887,849837554358,26788675844,32665309004,59453984848,2118405363,562070796,2680476159,477350209834,375167820683,852518030517
2016-06-28,473172010473,372738652588,845910663061,25173695721,35067438589,60241134310,2001696516,592793567,2594490083,475173706989,373331446155,848505153144
2016-06-27,472130992856,370185919257,842316912113,23847929426,31558973770,55406903196,1969519019,599853276,2569372295,474100511875,370785772533,844886284408
2016-06-24,469568272060,365462347523,835030619583,24668541492,33089166508,57757708000,1888549208,544787853,2433337061,471456821268,366007135376,837463956644
2016-06-23,470989946736,365901475695,836891422431,19023254037,26676992421,45700246458,1990896299,583434790,2574331089,472980843035,366484910485,839465753520
2016-06-22,471757473392,365641661042,837399134434,18476704112,24835832388,43312536500,1856200904,555470262,2411671166,473613674296,366197131304,839810805600
2016-06-21,471148810549,363377791331,834526601880,22369420851,29948434015,52317854866,1907486817,565100895,2472587712,473056297366,363942892226,836999189592
2016-06-20,471899642785,364067180644,835966823429,18147176614,24116815777,42263992391,1868935709,560938813,2429874522,473768578494,364628119457,838396697951
2016-06-17,471145006787,362938571805,834083578592,22059853838,27524541672,49584395510,1767669480,531712981,2299382461,472912676267,363470284786,836382961053
2016-06-16,472426696313,363833867811,836260564124,22911662035,30131810807,53043472842,1842035190,525515466,2367550656,474268731503,364359383277,838628114780
2016-06-15,472774017130,363964020846,836738037976,25071419447,31860841330,56932260777,2030176669,500054524,2530231193,474804193799,364464075370,839268269169
2016-06-14,469814782324,358924588425,828739370749,14488643361,18074540005,32563183366,2140904265,458363158,2599267423,471955686589,359382951583,831338638172
2016-06-13,470718833261,360260103394,830978936655,22065754739,29312646485,51378401224,1764666802,451795968,2216462770,472483500063,360711899362,833195399425
2016-06-08,472230941146,362390051538,834620992684,19223668206,28010220960,47233889166,2083247021,478125279,2561372300,474314188167,362868176817,837182364984
2016-06-07,474785801210,363491724618,838277525828,18687817684,26561105893,45248923577,1859507222,502098995,2361606217,476645308432,363993823613,840639132045
2016-06-06,474696463629,362017995255,836714458884,20389851290,29025895767,49415747057,1807091008,496748503,2303839511,476503554637,362514743758,839018298395
2016-06-03,473956396588,359786638997,833743035585,24400622414,35256906502,59657528916,1795161021,495438447,2290599468,475751557609,360282077444,836033635053
2016-06-02,475857307685,359444443330,835301751015,22727591932,30074746358,52802338290,1777461682,504988859,2282450541,477634769367,359949432189,837584201556
2016-06-01,473842939459,356055896526,829898835985,26853747104,36146334318,63000081422,1733878875,506434669,2240313544,475576818334,356562331195,832139149529
2016-05-31,472770517075,354211648655,826982165730,29411838246,33768327109,63180165355,1773404013,509478495,2282882508,474543921088,354721127150,829265048238
2016-05-30,469474286135,349160109854,818634395989,12118100614,15577057141,27695157755,1788434447,484934872,2273369319,471262720582,349645044726,820907765308
2016-05-27,470933246425,349299130719,820232377144,12946566059,19030003443,31976569502,1693078510,483349087,2176427597,472626324935,349782479806,822408804741
2016-05-26,472502816382,350832810924,823335627306,14550761697,20500699275,35051460972,1847415057,493807539,2341222596,474350231439,351326618463,825676849902
2016-05-25,473248745984,350074632838,823323378822,13439435439,18851655109,32291090548,1819093057,490752749,2309845806,475067839041,350565385587,825633224628
2016-05-24,474113760053,350618600314,824732360367,14061116207,18156062793,32217179000,1798419073,487107613,2285526686,475912179126,351105707927,827017887053
2016-05-23,473790185446,350818153717,824608339163,15087136624,20147157795,35234294419,1753543484,469562235,2223105719,475543728930,351287715952,826831444882
2016-05-20,473967145973,350629841800,824596987773,14282633644,18325276817,32607910461,1729756848,470902864,2200659712,475696902821,351100744664,826797647485
2016-05-19,474796983383,351928402260,826725385643,14160647518,19850371030,34011018548,1744718654,491752238,2236470892,476541702037,352420154498,828961856535
2016-05-18,474780510464,351233703386,826014213850,14732885027,19231490206,33964375233,1881965580,494286514,2376252094,476662476044,351727989900,828390465944
2016-05-17,478828511618,354150316174,832978827792,15685066169,22711601443,38396667612,1881070331,503229208,2384299539,480709581949,354653545382,835363127331
2016-05-16,479976560380,354364864187,834341424567,13682998225,18182354643,31865352868,1865306755,489698566,2355005321,481841867135,354854562753,836696429888
2016-05-13,479835870205,353056277657,832892147862,12799334852,15426060216,28225395068,1867654477,471630184,2339284661,481703524682,353527907841,835231432523
2016-05-12,482195898002,355842773920,838038671922,14746480437,17345961549,32092441986,1985512603,509681805,2495194408,484181410605,356352455725,840533866330
2016-05-11,484223329354,356980879054,841204208408,14605560018,16749007366,31354567384,1908372766,492921621,2401294387,486131702120,357473800675,843605502795
2016-05-10,486770066004,359371542888,846141608892,11967954223,14717242970,26685197193,1848438009,494466084,2342904093,488618504013,359866008972,848484512985
2016-05-09,489787952075,362328280543,852116232618,18589026402,22648683418,41237709820,1814654742,492170624,2306825366,491602606817,362820451167,854423057984
2016-05-06,493019015948,364925800070,857944816018,25206015858,31502243084,56708258942,1821751220,509967677,2331718897,494840767168,365435767747,860276534915
2016-05-05,498647195271,370676028861,869323224132,18795254421,24057936106,42853190527,1866740178,527248276,2393988454,500513935449,371203277137,871717212586
2016-05-04,498378241538,368313132399,866691373937,21673655978,25786420558,47460076536,1908585250,540751083,2449336333,500286826788,368853883482,869140710270
2016-05-03,498068800143,367601137663,865669937806,24446886546,28504702163,52951588709,1916449042,541082229,2457531271,499985249185,368142219892,868127469077
2016-04-29,494455780517,362580921065,857036701582,12930112151,15766350070,28696462221,1889693904,512499119,2402193023,496345474421,363093420184,859438894605
2016-04-28,498679671165,365713057297,864392728462,16736075918,19965757698,36701833616,1971968247,526724657,2498692904,500651639412,366239781954,866891421366
2016-04-27,499245448785,365776987603,865022436388,15286475183,19195734595,34482209778,1959244221,533427353,2492671574,501204693006,366310414956,867515107962
2016-04-26,500229477522,367002748117,867232225639,14289114810,17122187007,31411301817,1912955038,534913806,2447868844,502142432560,367537661923,869680094483
2016-04-25,501105836656,367102577538,868208414194,14531444301,16372388602,30903832903,1888084518,537891572,2425976090,502993921174,367640469110,870634390284
2016-04-22,501699887412,368107349131,869807236543,15483224766,19544789286,35028014052,1837147974,534462980,2371610954,503537035386,368641812111,872178847497
2016-04-21,504729309486,369254391138,873983700624,23671067589,23272192698,46943260287,1927995631,537669445,2465665076,506657305117,369792060583,876449365700
2016-04-20,506019596565,371693908395,877713504960,33417664759,33052716300,66470381059,1969683025,540740300,2510423325,507989279590,372234648695,880223928285
2016-04-19,512299527727,378502459243,890801986970,20853636754,24134625997,44988262751,1895798761,544540355,2440339116,514195326488,379046999598,893242326086
2016-04-18,512273796689,377714949618,889988746307,23645109654,25111707103,48756816757,1884974375,536987595,2421961970,514158771064,378251937213,892410708277
2016-04-15,513959169343,377518994981,891478164324,25338240194,24429152925,49767393119,1866486619,540979233,2407465852,515825655962,378059974214,893885630176
2016-04-14,515461028742,379679462135,895140490877,28430104632,29193494368,57623599000,1863849047,535793604,2399642651,517324877789,380215255739,897540133528
2016-04-13,514174217320,378112662549,892286879869,42312313729,42497414125,84809727854,1858861764,533865003,2392726767,516033079084,378646527552,894679606636
2016-04-12,510211622132,373603530094,883815152226,22416237700,26684621545,49100859245,1879843609,529499523,2409343132,512091465741,374133029617,886224495358
2016-04-11,512127578457,375349331104,887476909561,30698107375,32275839811,62973947186,1870649303,531252101,2401901404,513998227760,375880583205,889878810965
2016-04-08,509745451220,372518701480,882264152700,22781696856,27926476614,50708173470,1843290164,503146483,2346436647,511588741384,373021847963,884610589347
2016-04-07,512796499453,373834350901,886630850354,28556687517,34620907759,63177595276,1831830901,522965243,2354796144,514628330354,374357316144,888985646498
2016-04-06,513684986113,373565116504,887250102617,31676123292,34447663979,66123787271,1833000949,540056979,2373057928,515517987062,374105173483,889623160545
2016-04-05,512243331494,372017861270,884261192764,37092235507,37728577066,74820812573,1822755249,541090409,2363845658,514066086743,372558951679,886625038422
2016-04-01,506119519804,365714382586,871833902390,24633167935,26351411645,50984579580,1831175662,493229366,2324405028,507950695466,366207611952,874158307418
2016-03-31,510077307223,368548596100,878625903323,31153041676,35317375296,66470416972,1794732449,512712257,2307444706,511872039672,369061308357,880933348029
2016-03-30,509691637569,368148068413,877839705982,27927803064,32605875387,60533678451,1774343291,512075805,2286419096,511465980860,368660144218,880126125078
2016-03-29,508525327296,364985120846,873510448142,21930279771,24754597695,46684877466,1719011642,504874314,2223885956,510244338938,365489995160,875734334098
2016-03-28,509242174833,365610965603,874853140436,27189283089,30137411877,57326694966,1684440686,523861147,2208301833,510926615519,366134826750,877061442269
2016-03-25,508638683094,365099695805,873738378899,22318847529,27097779184,49416626713,1635002895,522419826,2157422721,510273685989,365622115631,875895801620
2016-03-24,509172156706,363716545508,872888702214,31986208234,35358343485,67344551719,1645545414,523080723,2168626137,510817702120,364239626231,875057328351
2016-03-23,509741838074,363609348818,873351186892,31494180992,32057030389,63551211381,1636604122,538853981,2175458103,511378442196,364148202799,875526644995
2016-03-22,507364047862,360648135772,868012183634,37857788437,35501793056,73359581493,1604722826,524656447,2129379273,508968770688,361172792219,870141562907
2016-03-21,505682813378,357579425537,863262238915,50440582760,44265717167,94706299927,1710875104,538872224,2249747328,507393688482,358118297761,865511986243
2016-03-18,494872388714,350310906516,845183295230,39428741515,37543969217,76972710732,1711273806,506900624,2218174430,496583662520,350817807140,847401469660
2016-03-17,488497078304,348891009503,837388087807,26128781409,29186721307,55315502716,1724225667,492837107,2217062774,490221303971,349383846610,839605150581
2016-03-16,483482073240,343303261117,826785334357,14991423218,16262718463,31254141681,1891260265,471635005,2362895270,485373333505,343774896122,829148229627
2016-03-15,490445133204,344817356623,835262489827,16199416635,17262826702,33462243337,1861084281,474098712,2335182993,492306217485,345291455335,837597672820
2016-03-14,493687362449,346937834506,840625196955,23766199588,23305161496,47071361084,1810427012,471680476,2282107488,495497789461,347409514982,842907304443
2016-03-11,489799692896,343658632343,833458325239,12450405720,11493723932,23944129652,1805079703,471103073,2276182776,491604772599,344129735416,835734508015
2016-03-10,492042339533,344711535606,836753875139,14785943211,13872157961,28658101172,1836636431,479123949,2315760380,493878975964,345190659555,839069635519
2016-03-09,492829696125,346510690799,839340386924,17033964898,16951213927,33985178825,1893220284,495202566,2388422850,494722916409,347005893365,841728809774
2016-03-08,495750615429,348089980926,843840596355,23630997269,22259291896,45890289165,1834114044,495892939,2330006983,497584729473,348585873865,846170603338
2016-03-07,497412906564,348322401889,845735308453,24748130963,20098767237,44846898200,1835425882,486432187,2321858069,499248332446,348808834076,848057166522
2016-03-04,494927660917,346275888727,841203549644,27790003531,23107469138,50897472669,1855487471,477013647,2332501118,496783148388,346752902374,843536050762
2016-03-03,503092878470,351166323022,854259201492,31372321447,27911603537,59283924984,1811602760,500713920,2312316680,504904481230,351667036942,856571518172
2016-03-02,502350546037,350026780836,852377326873,29767561155,25495180892,55262742047,1779203410,504544461,2283747871,504129749447,350531325297,854661074744
2016-03-01,499909493421,348407484917,848316978338,18523989704,18113183230,36637172934,1688144824,479273379,2167418203,501597638245,348886758296,850484396541
2016-02-29,501041987179,349830134491,850872121670,16891230852,15954440375,32845671227,1622773378,473495704,2096269082,502664760557,350303630195,852968390752
2016-02-26,509938422697,357625014971,867563437668,18373537956,18515493989,36889031945,1639939436,475242268,2115181704,511578362133,358100257239,869678619372
2016-02-25,513548523851,359870572258,873419096109,28390233205,26004096589,54394329794,1632454971,492443018,2124897989,515180978822,360363015276,875543994098
2016-02-24,520489250248,366548524791,887037775039,26164786546,24126887794,50291674340,1730924643,523697059,2254621702,522220174891,367072221850,889292396741
2016-02-23,519105100581,365762933506,884868034087,23392174306,24771846449,48164020755,1689257065,524339592,2213596657,520794357646,366287273098,887081630744
2016-02-22,519250340741,365896479440,885146820181,27522280606,27980919130,55503199736,1692811572,521636713,2214448285,520943152313,366418116153,887361268466
2016-02-19,517832856204,363928803190,881761659394,18210153720,21189658523,39399812243,1595130626,507699937,2102830563,519427986830,364436503127,883864489957
2016-02-18,519382998740,363338319105,882721317845,25395778727,26000421233,51396199960,1646122131,522769539,2168891670,521029120871,363861088644,884890209515
2016-02-17,518778341837,361581753584,880360095421,24752742440,23668100598,48420843038,1657639909,520306139,2177946048,520435981746,362102059723,882538041469
2016-02-16,518215198164,360765112587,878980310751,23605306843,23146201614,46751508457,1545662014,513147277,2058809291,519760860178,361278259864,881039120042
2016-02-15,515256205943,357997001779,873253207722,14930797529,15419275107,30350072636,1420264176,476853093,1897117269,516676470119,358473854872,875150324991
2016-02-05,514093133618,355841975713,869935109331,11901318369,11949817220,23851135589,1357030571,453296615,1810327186,515450164189,356295272328,871745436517
2016-02-04,524337017843,364055761650,888392779493,18541568615,18105234419,36646803034,1482084171,510155003,1992239174,525819102014,364565916653,890385018667
2016-02-03,526428042632,366339438448,892767481080,14409477762,14743087081,29152564843,1491080478,518007482,2009087960,527919123110,366857445930,894776569040
2016-02-02,528845887864,369258699665,898104587529,17563888365,17196981603,34760869968,1511792608,523112893,2034905501,530357680472,369781812558,900139493030
2016-02-01,528384301655,369246465622,897630767277,14080422778,13266558820,27346981598,1485180379,518686590,2003866969,529869482034,369765152212,899634634246
2016-01-29,533033638244,374074144236,907107782480,18426533048,17667724585,36094257633,1535234350,528515298,2063749648,534568872594,374602659534,909171532128
2016-01-28,537399576006,375998689752,913398265758,14896970875,14532628141,29429599016,1540722949,526558363,2067281312,538940298955,376525248115,915465547070
2016-01-27,546309759767,383390619246,929700379013,19749649503,20681629682,40431279185,1610207999,517920146,2128128145,547919967766,383908539392,931828507158
2016-01-26,558948682056,392046422005,950995104061,19547611732,19015095913,38562707645,1587722289,530829020,2118551309,560536404345,392577251025,953113655370
2016-01-25,573053955612,402203566211,975257521823,16889289523,16952659222,33841948745,1696416297,584489080,2280905377,574750371909,402788055291,977538427200
2016-01-22,574703509699,404318829793,979022339492,17864511418,19608786471,37473297889,1667792073,583888338,2251680411,576371301772,404902718131,981274019903
2016-01-21,577982711229,405270608058,983253319287,22361174852,22261040119,44622214971,1757858947,579370977,2337229924,579740570176,405849979035,985590549211
2016-01-20,581973101059,409586464227,991559565286,25779016479,24839854251,50618870730,1710066593,597467501,2307534094,583683167652,410183931728,993867099380
2016-01-19,583401330073,411926731181,995328061254,25220485677,26562328352,51782814029,1761695979,626328155,2388024134,585163026052,412553059336,997716085388
2016-01-18,584010365373,412908216832,996918582205,19081125394,22880940620,41962066014,1642374141,612292337,2254666478,585652739514,413520509169,999173248683
2016-01-15,585478803003,412017156874,997495959877,20242663855,21281323158,41523987013,1613659931,614315699,2227975630,587092462934,412631472573,999723935507
2016-01-14,594163365933,420059853764,1014223219697,22803175759,24159812648,46962988407,1651483595,644689652,2296173247,595814849528,420704543416,1016519392944
2016-01-13,600445497232,423530065764,1023975562996,19525346812,19636801143,39162147955,1671474368,637733462,2309207830,602116971600,424167799226,1026284770826
2016-01-12,610486743606,432250707788,1042737451394,21769602015,21556485360,43326087375,1687383077,661841749,2349224826,612174126683,432912549537,1045086676220
2016-01-11,622258836431,439819813926,1062078650357,28150988168,24058303886,52209292054,1722772476,669283223,2392055699,623981608907,440489097149,1064470706056
2016-01-08,640940954450,455663747282,1096604701732,32514181166,28983324654,61497505820,1797468141,704908892,2502377033,642738422591,456368656174,1099107078765
2016-01-07,653619923734,466443947090,1120063870824,8743686393,7894567602,16638253995,1865346141,689704107,2555050248,655485269875,467133651197,1122618921072
2016-01-06,659659894611,471911650743,1131571545354,31039624222,29252419826,60292044048,2025469549,760843433,2786312982,661685364160,472672494176,1134357858336
2016-01-05,662424991011,475037821454,1137462812465,32738126135,33426737789,66164863924,1965327469,757383802,2722711271,664390318480,475795205256,1140185523736
2016-01-04,674250015171,484575797895,1158825813066,27746141351,27402626573,55148767924,1930428580,772108644,2702537224,676180443751,485347906539,1161528350290
2015-12-31,680522261155,490784946519,1171307207674,26481517358,30116089614,56597606972,2110497327,849511267,2960008594,682632758482,491634457786,1174267216268
2015-12-30,690624418175,497704960328,1188329378503,34774521611,34651073314,69425594925,2134120717,858381242,2992501959,692758538892,498563341570,1191321880462
2015-12-29,689699599137,497070382702,1186769981839,28878201901,32431827367,61310029268,2141562769,847486717,2989049486,691841161906,497917869419,1189759031325
2015-12-28,690842371910,495635892706,1186478264616,43463435651,39418250747,82881686398,2108756268,832785094,2941541362,692951128178,496468677800,1189419805978
2015-12-25,702906554042,504772214499,1207678768541,36861998896,35973896938,72835895834,2152587073,831311445,2983898518,705059141115,505603525944,1210662667059
2015-12-24,704055938831,504024962717,1208080901548,45768190084,40347912680,86116102764,2162580784,873203631,3035784415,706218519615,504898166348,1211116685963
2015-12-23,701576990450,500868791669,1202445782119,66173764807,56109064366,122282829173,2305921763,917376486,3223298249,703882912213,501786168155,1205669080368
2015-12-22,694584343597,495890928603,1190475272200,52008901722,48854384881,100863286603,2216629408,926527770,3143157178,696800973005,496817456373,1193618429378
2015-12-21,690204973913,490468237765,1180673211678,57466371747,51345983971,108812355718,2273711965,952493906,3226205871,692478685878,491420731671,1183899417549
2015-12-18,685013347232,486032494977,1171045842209,47396383227,49882785320,97279168547,2166047057,921773140,3087820197,687179394289,486954268117,1174133662406
2015-12-17,685514996801,485113301374,1170628298175,48712938670,53713649727,102426588397,2197465782,936500857,3133966639,687712462583,486049802231,1173762264814
2015-12-16,687294173008,484382867758,1171677040766,34465314026,41631227886,76096541912,2042483132,904179374,2946662506,689336656140,485287047132,1174623703272
2015-12-15,686903667749,481713512936,1168617180685,37186068080,42274898089,79460966169,2022022178,904190935,2926213113,688925689927,482617703871,1171543393798
2015-12-14,686734828731,478558726084,1165293554815,41328859936,38056397286,79385257222,2105881193,917238211,3023119404,688840709924,479475964295,1168316674219
2015-12-11,679172485848,472008128192,1151180614040,28365988971,31421945321,59787934292,2101063966,880977348,2982041314,681273549814,472889105540,1154162655354
2015-12-10,680181466516,471863708372,1152045174888,33681721847,36841180329,70522902176,2141678490,908803148,3050481638,682323145006,472772511520,1155095656526
2015-12-09,681876332446,472249644756,1154125977202,31912185019,34445027375,66357212394,2123493880,912006867,3035500747,683999826326,473161651623,1157161477949
2015-12-08,683538869003,472048221063,1155587090066,34153742415,35488239993,69641982408,2148104647,907390333,3055494980,685686973650,472955611396,1158642585046
2015-12-07,688643130171,474630636414,1163273766585,34763101101,35250842227,70013943328,2149554072,934628088,3084182160,690792684243,475565264502,1166357948745
2015-12-04,689229679014,474977818244,1164207497258,36130370822,37146465107,73276835929,2100381786,923588888,3023970674,691330060800,475901407132,1167231467932
2015-12-03,701215140017,483730213419,1184945353436,45460715372,40676585082,86137300454,2150847061,930475040,3081322101,703365987078,484660688459,1188026675537
2015-12-02,705719889489,485085117143,1190805006632,50746609725,40637352951,91383962676,2186265522,918028139,3104293661,707906155011,486003145282,1193909300293
2015-12-01,707573181220,487667944960,1195241126180,41187948449,41601546354,82789494803,2077790582,891224862,2969015444,709650971802,488559169822,1198210141624
2015-11-30,705712846824,487543764636,1193256611460,47647190662,47544815523,95192006185,2023533716,879532864,2903066580,707736380540,488423297500,1196159678040
2015-11-27,707571655449,486736416738,1194308072187,56361735197,53092359016,109454094213,2061163221,885356944,2946520165,709632818670,487621773682,1197254592352
2015-11-26,721562735545,495778002956,1217340738501,57063284399,56213525840,113276810239,2215328433,972344450,3187672883,723778063978,496750347406,1220528411384
2015-11-25,722871325612,496304416380,1219175741992,50585918649,55171032986,105756951635,2175357594,961705079,3137062673,725046683206,497266121459,1222312804665
2015-11-24,724356454195,492829839713,1217186293908,41952155661,43353366738,85305522399,2168170720,934604725,3102775445,726524624915,493764444438,1220289069353
2015-11-23,724944067772,490147834279,1215091902051,56462012238,53843881006,110305893244,2170416716,937738648,3108155364,727114484488,491085572927,1218200057415
2015-11-20,727483864902,491440514083,1218924378985,67868870592,68290597656,136159468248,2178878860,976106964,3154985824,729662743762,492416621047,1222079364809
2015-11-19,723677944809,485644150604,1209322095413,53377151926,54289681696,107666833622,2155202427,981356613,3136559040,725833147236,486625507217,1212458654453
2015-11-18,718128393345,477349511755,1195477905100,61645301015,54364966050,116010267065,2182866762,995247801,3178114563,720311260107,478344759556,1198656019663
2015-11-17,719146385419,475381816828,1194528202247,90257897879,77714136961,167972034840,2208478503,997201843,3205680346,721354863922,476379018671,1197733882593
2015-11-16,709765973662,467176090609,1176942064271,59783115668,53426266692,113209382360,2178454674,973087581,3151542255,711944428336,468149178190,1180093606526
2015-11-13,704017531196,460187358032,1164204889228,76119157073,64766100620,140885257693,2161492893,994095983,3155588876,706179024089,461181454015,1167360478104
2015-11-12,704264669504,459002047278,1163266716782,79386000166,74421219226,153807219392,2136717070,969466075,3106183145,706401386574,459971513353,1166372899927
2015-11-11,698588480945,451324319084,1149912800029,81460138173,68483121894,149943260067,2105019973,959948566,3064968539,700693500918,452284267650,1152977768568
2015-11-10,692849446365,442288018676,1135137465041,103276201336,72584549843,175860751179,2130119832,945441429,3075561261,694979566197,443233460105,1138213026302
2015-11-09,678846032704,435188104397,1114034137101,114272067940,79227993216,193500061156,2153097052,952042853,3105139905,680999129756,436140147250,1117139277006
2015-11-06,657355073852,423487140458,1080842214310,96065908261,67712813429,163778721690,2093561252,939780185,3033341437,659448635104,424426920643,1083875555747
2015-11-05,648756449213,418730772360,1067487221573,116126616192,75025127975,191151744167,2064814208,926888761,2991702969,650821263421,419657661121,1070478924542
2015-11-04,636455607760,413002696228,1049458303988,71377497141,58625456063,130002953204,2047299675,918525655,2965825330,638502907435,413921221883,1052424129318
2015-11-03,624641794601,404315324117,1028957118718,32485266484,32944090520,65429357004,1955303083,899303465,2854606548,626597097684,405214627582,1031811725266
2015-11-02,624580223050,403144003168,1027724226218,39182710955,40015560254,79198271209,1976302866,898968381,2875271247,626556525916,404042971549,1030599497465
2015-10-30,626861304247,403345548720,1030206852967,46046145880,46282631437,92328777317,1984153934,909284203,2893438137,628845458181,404254832923,1033100291104
2015-10-29,628413061152,403737426794,1032150487946,41575064417,43147285276,84722349693,2016767500,917572978,2934340478,630429828652,404654999772,1035084828424
2015-10-28,625971542441,399396345382,1025367887823,51781988858,50049288351,101831277209,2068703219,912220060,2980923279,628040245660,400308565442,1028348811102
2015-10-27,628033239007,399609225675,1027642464682,61805047765,54795514884,116600562649,2051580154,928593701,2980173855,630084819161,400537819376,1030622638537
2015-10-26,625445402262,395552150573,1020997552835,71288228506,61719662695,133007891201,2039335651,927155450,2966491101,627484737913,396479306023,1023964043936
2015-10-23,618715633159,388916141368,1007631774527,64264021721,59730354271,123994375992,2046744342,917660635,2964404977,620762377501,389833802003,1010596179504
2015-10-22,614855939334,383448706603,998304645937,56765942023,50900527678,107666469701,2034048338,903004763,2937053101,616889987672,384351711366,1001241699038
2015-10-21,609597972675,375489901292,985087873967,75043684698,59105720633,134149405331,2036721856,870566320,2907288176,611634694531,376360467612,987995162143
2015-10-20,614565648086,378528574870,993094222956,57331561590,50029978679,107361540269,2093241125,911987824,3005228949,616658889211,379440562694,996099451905
2015-10-19,608423367347,373765462867,982188830214,66704231174,52467987640,119172218814,2061897151,906973353,2968870504,610485264498,374672436220,985157700718
2015-10-16,602483217134,367328852147,969812069281,67307333866,49470121855,116777455721,2040780928,881922699,2922703627,604523998062,368210774846,972734772908
2015-10-15,600862476185,365224067914,966086544099,55174519045,43105120538,98279639583,2088067241,897737421,2985804662,602950543426,366121805335,969072348761
2015-10-14,595465800492,359391915344,954857715836,47314578853,36915211180,84229790033,2049097950,879821283,2928919233,597514898442,360271736627,957786635069
2015-10-13,592359492869,357098825623,949458318492,46417951657,37174398382,83592350039,2051103491,888458456,2939561947,594410596360,357987284079,952397880439
2015-10-12,590826463139,354187268018,945013731157,66079680740,45892092484,111971773224,2062409620,901969466,2964379086,592888872759,355089237484,947978110243
2015-10-09,573834927910,347051753251,920886681161,34773511196,29645835510,64419346706,2021609337,855938047,2877547384,575856537247,347907691298,923764228545
2015-10-08,573423934505,346111855937,919535790442,38105508897,32244629756,70350138653,2010065774,859995782,2870061556,575434000279,346971851719,922405851998
2015-09-30,565107689421,338943286646,904050976067,16667737149,15974888336,32642625485,1870766950,787479419,2658246369,566978456371,339730766065,906709222436
2015-09-29,573430370272,344864615171,918294985443,19494241880,19903012259,39397254139,1945833567,835550189,2781383756,575376203839,345700165360,921076369199
2015-09-28,578137194581,347671486613,925808681194,20771544015,21020312953,41791856968,2037096084,855560394,2892656478,580174290665,348527047007,928701337672
2015-09-25,579163991185,345538288563,924702279748,28658919129,24538918801,53197837930,2003971580,854226871,2858198451,581167962765,346392515434,927560478199
2015-09-24,588059276593,349152980691,937212257284,29077086812,25983071655,55060158467,2052014070,877395639,2929409709,590111290663,350030376330,940141666993
2015-09-23,588155766896,348862246310,937018013206,31571539567,26460495533,58032035100,2021242749,871789392,2893032141,590177009645,349734035702,939911045347
2015-09-22,590105583869,348373107279,938478691148,39312342594,31598565535,70910908129,2082180629,876978020,2959158649,592187764498,349250085299,941437849797
2015-09-21,589611425721,348283136964,937894562685,32786118443,27085902018,59872020461,2059120123,881665269,2940785392,591670545844,349164802233,940835348077
2015-09-18,588929671900,347284755690,936214427590,27492470550,22042698276,49535168826,2025406214,871121963,2896528177,590955078114,348155877653,939110955767
2015-09-17,590467294488,347868983179,938336277667,45357176136,31393490127,76750666263,2013711808,899877756,2913589564,592481006296,348768860935,941249867231
2015-09-16,588177192339,347000896835,935178089174,36654734196,25129563898,61784298094,2076672895,904946243,2981619138,590253865234,347905843078,938159708312
2015-09-15,587114144804,345606919457,932721064261,26800136447,18181415448,44981551895,2037093535,845000006,2882093541,589151238339,346451919463,935603157802
2015-09-14,599879253495,353518510882,953397764377,38443650467,23069430487,61513080954,2148978177,876609403,3025587580,602028231672,354395120285,956423351957
2015-09-11,618850315756,362993260509,981843576265,32940214326,21424035917,54364250243,2152125434,925756756,3077882190,621002441190,363919017265,984921458455
2015-09-10,619885682685,364309103755,984194786440,35958226095,25666974012,61625200107,2279414099,941747016,3221161115,622165096784,365250850771,987415947555
2015-09-09,622302002741,364974955542,987276958283,56720402464,38607572767,95327975231,2290625741,996789544,3287415285,624592628482,365971745086,990564373568
2015-09-08,613326503591,359632889283,972959392874,32848347074,22594119361,55442466435,2294014252,907893807,3201908059,615620517843,360540783090,976161300933
2015-09-07,615872695111,359544041278,975416736389,42713833063,28367062154,71080895217,2180453879,873462157,3053916036,618053148990,360417503435,978470652425
2015-09-02,606266170176,352887786561,959153956737,31013732169,20665732705,51679464874,2217686789,889861777,3107548566,608483856965,353777648338,962261505303
2015-09-01,642834471301,369385950822,1012220422123,37495050672,21003546587,58498597259,2242361038,921316059,3163677097,645076832339,370307266881,1015384099220
2015-08-31,673127713583,382832812309,1055960525892,49354997209,27111521606,76466518815,2312390948,927621583,3240012531,675440104531,383760433892,1059200538423
2015-08-28,683118490904,389119575750,1072238066654,59881095450,34472692157,94353787607,2206833724,935667614,3142501338,685325324628,390055243364,1075380567992
2015-08-27,685022556433,389523776632,1074546333065,45681104014,26508724141,72189828155,2124421074,901224016,3025645090,687146977507,390425000648,1077571978155
2015-08-26,706522058254,401301348852,1107823407106,49181259228,30565114990,79746374218,1942973253,874289506,2817262759,708465031507,402175638358,1110640669865
2015-08-25,740536035623,419653124847,1160189160470,38055426386,20081701114,58137127500,1871872598,859764730,2731637328,742407908221,420512889577,1162920797798
2015-08-24,795943105071,449543942965,1245487048036,38245805551,19920856527,58166662078,2004816456,934923484,2939739940,797947921527,450478866449,1248426787976
2015-08-21,848630862572,475023987344,1323654849916,51673986450,32367673587,84041660037,2195223661,1080805032,3276028693,850826086233,476104792376,1326930878609
2015-08-20,869228227066,484584219079,1353812446145,67585656067,39502051987,107087708054,2358282923,1163145932,3521428855,871586509989,485747365011,1357333875000
2015-08-19,875442817227,486440616365,1361883433592,81247402297,45349832025,126597234322,2367304973,1109871209,3477176182,877810122200,487550487574,1365360609774
2015-08-18,879899884284,488823492890,1368723377174,99199001573,58970585163,158169586736,2533802842,1094765773,3628568615,882433687126,489918258663,1372351945789
2015-08-17,894506794785,494723065282,1389229860067,93341898906,52161225982,145503124888,2483435259,1078366750,3561802009,896990230044,495801432032,1392791662076
2015-08-14,886085989804,488766646815,1374852636619,94821464981,51053086391,145874551372,2238103960,895942766,3134046726,888324093764,489662589581,1377986683345
2015-08-13,882774372393,486695514736,1369469887129,86857774356,43735207631,130592981987,2351486477,903864538,3255351015,885125858870,487599379274,1372725238144
2015-08-12,873794479627,481886311617,1355680791244,84189224771,42136857991,126326082762,2402549957,897773324,3300323281,876197029584,482784084941,1358981114525
2015-08-11,870103319713,481040889023,1351144208736,104695193380,55588142308,160283335688,2286113685,925535339,3211649024,872389433398,481966424362,1354355857760
2015-08-10,861223721255,475981646428,1337205367683,98653015518,52704540514,151357556032,2386249912,951636002,3337885914,863609971167,476933282430,1340543253597
2015-08-07,845629259242,468603376994,1314232636236,63254755083,36723775989,99978531072,2148973829,951763628,3100737457,847778233071,469555140622,1317333373693
2015-08-06,839838718760,465555351702,1305394070462,46010651060,26900258682,72910909742,2453501723,957821954,3411323677,842292220483,466513173656,1308805394139
2015-08-05,842301741836,466810514866,1309112256702,63096752525,38285992283,101382744808,2511051535,987589681,3498641216,844812793371,467798104547,1312610897918
2015-08-04,842108030431,467269519933,1309377550364,60977446773,39427026777,100404473550,2611179954,1025030861,3636210815,844719210385,468294550794,1313013761179
2015-08-03,832475432082,461334491176,1293809923258,41851431424,24653238452,66504669876,2491448013,988706319,3480154332,834966880095,462323197495,1297290077590
2015-07-31,859970601967,475446028932,1335416630899,50034690518,28500813107,78535503625,2232410006,1008473556,3240883562,862203011973,476454502488,1338657514461
2015-07-30,881652186879,486249919886,1367902106765,82706905549,44962762796,127669668345,2241704283,1007357911,3249062194,883893891162,487257277797,1371151168959
2015-07-29,881733008327,487438624110,1369171632437,71228735424,40350428447,111579163871,2204435202,1019504082,3223939284,883937443529,488458128192,1372395571721
2015-07-28,887462793572,491838698549,1379301492121,69518139535,43301800582,112819940117,2041011444,952151347,2993162791,889503805016,492790849896,1382294654912
2015-07-27,919373759165,507551673784,1426925432949,91115117073,56645261825,147760378898,2140343412,1005867563,3146210975,921514102577,508557541347,1430071643924
2015-07-24,940822832963,513599336968,1454422169931,121558351199,66398135946,187956487145,2342381838,1120970976,3463352814,943165214801,514720307944,1457885522745
2015-07-23,941369680547,514057673710,1455427354257,109984949964,61035857013,171020806977,2262926970,1131303311,3394230281,943632607517,515188977021,1458821584538
2015-07-22,928881478891,507535705730,1436417184621,94378343848,54725753237,149104097085,2361120493,1112220421,3473340914,931242599384,508647926151,1439890525535
2015-07-21,928615710814,504055215370,1432670926184,95165466241,49099274153,144264740394,2335036599,1080466093,3415502692,930950747413,505135681463,1436086428876
2015-07-20,921348386943,502482065141,1423830452084,94950968728,57497327280,152448296008,2193555412,992711582,3186266994,923541942355,503474776723,1427016719078
2015-07-17,921338704319,504255441761,1425594146080,88919851672,50845309187,139765160859,1822969650,976975991,2799945641,923161673969,505232417752,1428394091721
2015-07-16,918396130560,500271915831,1418668046391,75364896359,43527711140,118892607499,1774737334,903823293,2678560627,920170867894,501175739124,1421346607018
2015-07-15,920524732197,499370428784,1419895160981,87450742190,48998586370,136449328560,1834758822,900678766,2735437588,922359491019,500271107550,1422630598569
2015-07-14,936754623345,502165088913,1438919712258,112517508100,44837686658,157355194758,1835725241,979455259,2815180500,938590348586,503144544172,1441734892758
2015-07-13,934271207261,502705215185,1436976422446,108699727868,38243374580,146943102448,1857208347,980534727,2837743074,936128415608,503685749912,1439814165520
2015-07-10,932305971025,505945776955,1438251747980,99007475226,27011987685,126019462911,1763754984,956330881,2720085865,934069726009,506902107836,1440971833845
2015-07-09,927849404820,510159216727,1438008621547,85033177459,26398882911,111432060370,1692753289,875775680,2568528969,929542158109,511034992407,1440577150516
2015-07-08,940870474994,515212343591,1456082818585,40122005740,15906182294,56028188034,1621043791,883521852,2504565643,942491518785,516095865443,1458587384228
2015-07-07,1053097367290,573004327197,1626101694487,65565705505,24913810751,90479516256,1858251281,911259238,2769510519,1054955618571,573915586435,1628871205006
2015-07-06,1151409843974,619037358022,1770447201996,86253165993,48178914259,134432080252,1913867669,1103564058,3017431727,1153323711643,620140922080,1773464633723
2015-07-03,1244976682669,661771568517,1906748251186,75761353558,44658045429,120419398987,1946060586,1153988037,3100048623,1246922743255,662925556554,1909848299809
2015-07-02,1293827661966,685837823740,1979665485706,88487618099,47321103534,135808721633,2509128299,1466448908,3975577207,1296336790265,687304272648,1983641062913
2015-07-01,1328818572775,701749001117,2030567573892,102412410526,56949534756,159361945282,3032047503,1690486249,4722533752,1331850620278,703439487366,2035290107644
2015-06-30,1335503814173,709162691967,2044666506140,111609532061,57798561189,169408093250,2962511878,1757399394,4719911272,1338466326051,710920091361,2049386417412
2015-06-29,1360422100831,723644734435,2084066835266,111777711829,57998603023,169776314852,2869439317,1629953335,4499392652,1363291540148,725274687770,2088566227918
2015-06-26,1387049624743,738707126516,2125756751259,97236522159,48864721395,146101243554,3047418280,1714239476,4761657756,1390097043023,740421365992,2130518409015
2015-06-25,1423248786555,758593917931,2181842704486,112543339631,57767003145,170310342776,4077042981,2301780220,6378823201,1427325829536,760895698151,2188221527687
2015-06-24,1439971876069,766627175015,2206599051084,99110730843,57601491190,156712222033,3870183220,2256618737,6126801957,1443842059289,768883793752,2212725853041
2015-06-23,1468845650070,777939378393,2246785028463,71923409449,50361201915,122284611364,3262509775,1894166767,5156676542,1472108159845,779833545160,2251941705005
2015-06-19,1479299517720,781785835539,2261085353259,93916444426,52613840026,146530284452,3056543634,1833178936,4889722570,1482356061354,783619014475,2265975075829
2015-06-18,1482910960306,783724333715,2266635294021,102883459843,54302586867,157186046710,4003390202,2396576792,6399966994,1486914350508,786120910507,2273035261015
2015-06-17,1475103559271,779939203269,2255042762540,108881795164,57647973869,166529769033,4411760221,2599119307,7010879528,1479515319492,782538322576,2262053642068
2015-06-16,1463951216264,775494763565,2239445979829,110467806485,68704456650,179172263135,5010413917,2672185834,7682599751,1468961630181,778166949399,2247128579580
2015-06-15,1460771548784,771159310316,2231930859100,139727644688,78928671819,218656316507,5678984181,3105634844,8784619025,1466450532965,774264945160,2240715478125
2015-06-12,1453579989204,767122163366,2220702152570,140782088205,78004383693,218786471898,6017861873,3284029428,9301891301,1459597851077,770406192794,2230004043871
2015-06-11,1443868735753,761979456459,2205848192212,132745195582,75806602169,208551797751,6044144042,3278375214,9322519256,1449912879795,765257831673,2215170711468
2015-06-10,1436953511811,754930196763,2191883708574,132102202755,74863122982,206965325737,5922838027,3218285055,9141123082,1442876349838,758148481818,2201024831656
2015-06-09,1428637577543,748477647040,2177115224583,147185167674,72503163533,219688331207,5856847970,3141874234,8998722204,1434494425513,751619521274,2186113946787
2015-06-08,1419155431830,746442467724,2165597899554,175635531492,85041374325,260676905817,6066372273,3165781871,9232154144,1425221804103,749608249595,2174830053698
2015-06-05,1412610800411,748157582936,2160768383347,162459513338,92631968257,255091481595,5196658863,3030093245,8226752108,1417807459274,751187676181,2168995135455
2015-06-04,1412300874405,752290936643,2164591811048,140960563937,85128832280,226089396217,4894445720,2848651024,7743096744,1417195320125,755139587667,2172334907792
2015-06-03,1402927079454,747086620524,2150013699978,119037456520,83282082170,202319538690,4894947220,2857001726,7751948946,1407822026674,749943622250,2157765648924
2015-06-02,1387882217728,742214105246,2130096322974,133758105973,82588173381,216346279354,5040510626,2883108282,7923618908,1392922728354,745097213528,2138019941882
2015-06-01,1367127995718,733007153665,2100135149383,117887770661,76378089561,194265860222,5237617260,2856370736,8093987996,1372365612978,735863524401,2108229137379
2015-05-29,1348287000435,723671219259,2071958219694,109545698973,72983634736,182529333709,4975685928,2613167800,7588853728,1353262686363,726284387059,2079547073422
2015-05-28,1345459596439,722038309273,2067497905712,161711190822,107427530431,269138721253,5430216405,2812599180,8242815585,1350889812844,724850908453,2075740721297
2015-05-27,1336990097550,718318501558,2055308599108,126358447704,96807195279,223165642983,6425385136,3299503547,9724888683,1343415482686,721618005105,2065033487791
2015-05-26,1329561906147,713150293302,2042712199449,159094373511,103458479356,262552852867,6488280901,3465510608,9953791509,1336050187048,716615803910,2052665990958
2015-05-25,1318998299726,704770029656,2023768329382,164145678044,94863240548,259008918592,6190475546,3369069699,9559545245,1325188775272,708139099355,2033327874627
2015-05-22,1314567656582,699421477055,2013989133637,142752614727,95129790587,237882405314,5329555085,3080219511,8409774596,1319897211667,702501696566,2022398908233
2015-05-21,1321176723760,703603611405,2024780335165,108553228977,82136863647,190690092624,4925644941,2900452188,7826097129,1326102368701,706504063593,2032606432294
2015-05-20,1310006880147,695732198743,2005739078890,117098266840,90847217448,207945484288,4656256937,2619081393,7275338330,1314663137084,698351280136,2013014417220
2015-05-19,1294245193796,682634693915,1976879887711,113575243435,76581610335,190156853770,4763472053,2617286166,7380758219,1299008665849,685251980081,1984260645930
2015-05-18,1278951775452,668894577990,1947846353442,95383811648,66046414496,161430226144,4622251110,2603193058,7225444168,1283574026562,671497771048,1955071797610
2015-05-15,1270378616254,658559612843,1928938229097,103539242662,66405945997,169945188659,4746218114,2730009491,7476227605,1275124834368,661289622334,1936414456702
2015-05-14,1271467867961,654928816141,1926396684102,105312775966,74221882394,179534658360,5402256675,2937569269,8339825944,1276870124636,657866385410,1934736510046
2015-05-13,1265406189486,648641272851,1914047462337,132209749584,83154757885,215364507469,5472339769,2961858800,8434198569,1270878529255,651603131651,1922481660906
2015-05-12,1256607720425,638556990053,1895164710478,136448970581,78369189860,214818160441,5319748801,2903865717,8223614518,1261927469226,641460855770,1903388324996
2015-05-11,1247505935416,634800787585,1882306723001,119726264827,75294385738,195020650565,4834763087,2749431056,7584194143,1252340698503,637550218641,1889890917144
2015-05-08,1245786699057,629920926522,1875707625579,87812628024,53164484221,140977112245,4135054341,2265422560,6400476901,1249921753398,632186349082,1882108102480
2015-05-07,1265872162917,634109844230,1899982007147,94358842320,46405705807,140764548127,4030097633,2172420457,6202518090,1269902260550,636282264687,1906184525237
2015-05-06,1258820234374,631054246062,1889874480436,122153633570,60906907976,183060541546,4701559723,2413249355,7114809078,1263521794097,633467495417,1896989289514
2015-05-05,1244231572418,623284032637,1867515605055,128460864619,58321859243,186782723862,4992896354,2596955948,7589852302,1249224468772,625880988585,1875105457357
2015-05-04,1241303319482,615989564964,1857292884446,116900666542,59481464470,176382131012,5999922775,3040818126,9040740901,1247303242257,619030383090,1866333625347
2015-04-30,1224334129835,606682432092,1831016561927,135754031359,65134586611,200888617970,5831675719,3017240033,8848915752,1230165805554,609699672125,1839865477679
2015-04-29,1221406603476,604040735304,1825447338780,126739953108,65407486554,192147439662,6021609553,3087185923,9108795476,1227428213029,607127921227,1834556134256
2015-04-28,1215607398598,597896481649,1813503880247,148772163843,74649207663,223421371506,6149727519,3005907060,9155634579,1221757126117,600902388709,1822659514826
2015-04-27,1210543730393,595346164786,1805889895179,162760454052,75863303973,238623758025,6254062725,3196091290,9450154015,1216797793118,598542256076,1815340049194
2015-04-24,1192302971884,588116857679,1780419829563,153156908610,76169130205,229326038815,5965256427,3052072824,9017329251,1198268228311,591168930503,1789437158814
2015-04-23,1185643651435,583954018000,1769597669435,171737823864,81592776204,253330600068,6278465187,3123824480,9402289667,1191922116622,587077842480,1778999959102
2015-04-22,1172665362874,579014805811,1751680168685,165509139277,79322143124,244831282401,6368406198,3138872016,9507278214,1179033769072,582153677827,1761187446899
2015-04-21,1153574815097,576547480301,1730122295398,143192898510,68385035141,211577933651,5961506282,2950727296,8912233578,1159536321379,579498207597,1739034528976
2015-04-20,1143069525623,573835282051,1716904807674,165794251895,78017172912,243811424807,5886540287,2742050269,8628590556,1148956065910,576577332320,1725533398230
2015-04-17,1149157713135,575980304237,1725138017372,129211438621,70769195200,199980633821,6041055352,2843849931,8884905283,1155198768487,578824154168,1734022922655
2015-04-16,1157182044282,580313399643,1737495443925,112006268973,54538805711,166545074684,5973347250,2724163171,8697510421,1163155391532,583037562814,1746192954346
2015-04-15,1146127306376,575375934708,1721503241084,127637503244,65204872955,192842376199,5760511452,2616345990,8376857442,1151887817828,577992280698,1729880098526
2015-04-14,1132444514795,566988822226,1699433337021,135681414792,69349225871,205030640663,5734278801,2808226817,8542505618,1138178793596,569797049043,1707975842639
2015-04-13,1112644681454,559273638521,1671918319975,125462079457,72802345092,198264424549,6012263982,2932318981,8944582963,1118656945436,562205957502,1680862902938
2015-04-10,1093646777627,549425865491,1643072643118,120171575492,65937150651,186108726143,6013790547,2973504472,8987295019,1099660568174,552399369963,1652059938137
2015-04-09,1080032082669,542269865845,1622301948514,151266260607,76120386757,227386647364,7459280657,2852037480,10311318137,1087491363326,545121903325,1632613266651
2015-04-08,1063907515309,534127452357,1598034967666,146795417745,80029308212,226824725957,6090844298,3034345778,9125190076,1069998359607,537161798135,1607160157742
2015-04-07,1049019510305,527220275303,1576239785608,135205459177,76411247986,211616707163,6052607373,3121859985,9174467358,1055072117678,530342135288,1585414252966
2015-04-03,1028339497560,516676930961,1545016428521,121745692024,72768292844,194513984868,5639393066,2977171835,8616564901,1033978890626,519654102796,1553632993422
2015-04-02,1019832320645,509988379711,1529820700356,122445942102,71263078124,193709020226,5605667753,2870700924,8476368677,1025437988398,512859080635,1538297069033
2015-04-01,1007500876332,502453651639,1509954527971,112637594862,66032640455,178670235317,5579432794,2857234816,8436667610,1013080309126,505310886455,1518391195581
2015-03-31,992114591127,493765560657,1485880151784,116775077460,68420906330,185195983790,5408130188,2628145327,8036275515,997522721315,496393705984,1493916427299
2015-03-30,987305162447,489166892146,1476472054593,128248977117,61710664790,189959641907,5489035498,2729213200,8218248698,992794197945,491896105346,1484690303291
2015-03-27,974695451811,484087216047,1458782667858,94331337806,49474009451,143805347257,4882309085,2558214628,7440523713,979577760896,486645430675,1466223191571
2015-03-26,971529344684,480092915137,1451622259821,117308029200,64379996644,181688025844,4759646631,2457863759,7217510390,976288991315,482550778896,1458839770211
2015-03-25,960086790787,475561580264,1435648371051,115371500560,72150523501,187522024061,4643215819,2453452221,7096668040,964730006606,478015032485,1442745039091
2015-03-24,948928112150,465149520648,1414077632798,145585328346,79907649786,225492978132,4619080288,2424227164,7043307452,953547192438,467573747812,1421120940250
2015-03-23,935961490802,456468114455,1392429605257,122350894415,66646329157,188997223572,4789023959,2461658730,7250682689,940750514761,458929773185,1399680287946
2015-03-20,927002173004,449976925205,1376979098209,133491591365,62900138777,196391730142,4317418963,2301310757,6618729720,931319591967,452278235962,1383597827929
2015-03-19,911756727783,445156834921,1356913562704,119422295098,58208444120,177630739218,4136003055,2185054379,6321057434,915892730838,447341889300,1363234620138
2015-03-18,896108504027,439079318940,1335187822967,123253353097,61433866336,184687219433,4223177943,2229156054,6452333997,900331681970,441308474994,1341640156964
2015-03-17,881882625541,432620976886,1314503602427,118453665965,61492982750,179946648715,3731158044,2081796516,5812954560,885613783585,434702773402,1320316556987
2015-03-16,874850559115,430037375813,1304887934928,93488482835,51817200508,145305683343,3535076305,1971019595,5506095900,878385635420,432008395408,1310394030828
2015-03-13,880611781488,431586133514,1312197915002,76456008406,37807633718,114263642124,3193989076,1672140493,4866129569,883805770564,433258274007,1317064044571
2015-03-12,878075844620,430130407909,1308206252529,85412099181,42983488621,128395587802,3182040688,1636224538,4818265226,881257885308,431766632447,1313024517755
2015-03-11,864004113742,422017577470,1286021691212,65924942057,39828994953,105753937010,2927592012,1607738035,4535330047,866931705754,423625315505,1290557021259
2015-03-10,848537789505,413963887171,1262501676676,68915727800,41198368628,110114096428,3099078967,1729680246,4828759213,851636868472,415693567417,1267330435889
2015-03-09,834878753182,406795907407,1241674660589,70291104924,35150008533,105441113457,3353984453,1800104570,5154089023,838232737635,408596011977,1246828749612
2015-03-06,824379989028,402334159659,1226714148687,61530416037,38284855895,99815271932,3441280015,1855284739,5296564754,827821269043,404189444398,1232010713441
2015-03-05,819402239652,399795847200,1219198086852,70255155893,44225720686,114480876579,3596427868,1966640873,5563068741,822998667520,401762488073,1224761155593
2015-03-04,811253368861,393446997427,1204700366288,66225246334,42690922863,108916169197,3800138283,2026477899,5826616182,815053507144,395473475326,1210526982470
2015-03-03,804100125942,387698010985,1191798136927,87283032063,51158018793,138441050856,3658347664,1945233104,5603580768,807758473606,389643244089,1197401717695
2015-03-02,792791389697,379682012989,1172473402686,79111411070,50204155827,129315566897,3820324241,2043880922,5864205163,796611713938,381725893911,1178337607849
2015-02-27,780843947820,371532933772,1152376881592,67295472698,37019956379,104315429077,3643957926,1909555786,5553513712,784487905746,373442489558,1157930395304
2015-02-26,778901920692,368651595358,1147553516050,70218750802,34216148792,104434899594,3727497308,1892189423,5619686731,782629418000,370543784781,1153173202781
2015-02-25,770968145360,364632460913,1135600606273,60092819984,37884632567,97977452551,3277751249,1778216882,5055968131,774245896609,366410677795,1140656574404
2015-02-17,753461212526,352316072724,1105777285250,49701309648,31013959715,80715269363,3034256889,1679482887,4713739776,756495469415,353995555611,1110491025026
2015-02-16,772980408663,359694721711,1132675130374,53928574063,35912607418,89841181481,3238037227,1725771717,4963808944,776218445890,361420493428,1137638939318
2015-02-13,779162373527,360003378069,1139165751596,52535663244,31880587339,84416250583,3311066082,1643148312,4954214394,782473439609,361646526381,1144119965990
2015-02-12,804093283315,368826323472,1172919606787,49061175820,26286269049,75347444869,3307983650,1605529923,4913513573,807401266965,370431853395,1177833120360
2015-02-11,805111175134,368845039520,1173956214654,49814292794,26694491460,76508784254,3376239249,1610231794,4986471043,808487414383,370455271314,1178942685697
2015-02-10,797891845821,366237990662,1164129836483,49940656430,23874968775,73815625205,3321741382,1583915766,4905657148,801213587203,367821906428,1169035493631
2015-02-09,786747284226,361064738115,1147812022341,51281340753,23153875152,74435215905,3292347071,1563247989,4855595060,790039631297,362627986104,1152667617401
2015-02-06,779641865766,358519133183,1138160998949,51350016719,26222898191,77572914910,3355007223,1601486889,4956494112,782996872989,360120620072,1143117493061
2015-02-05,777970437249,357390541396,1135360978645,70696075163,35743098208,106439173371,3951049404,1831424701,5782474105,781921486653,359221966097,1141143452750
2015-02-04,774770652233,354705059515,1129475711748,55998184225,28895466563,84893650788,4075255266,1881711629,5956966895,778845907499,356586771144,1135432678643
2015-02-03,773741930732,352958981329,1126700912061,52159764433,25631316321,77791080754,4125153312,1900281199,6025434511,777867084044,354859262528,1132726346572
2015-02-02,774866786825,352561010716,1127427797541,47632245458,21344037815,68976283273,3768751438,1756294688,5525046126,778635538263,354317305404,1132952843667
2015-01-30,773977698926,351955320963,1125933019889,50312558223,24095669842,74408228065,4040912993,1879167301,5920080294,778018611919,353834488264,1131853100183
2015-01-29,777561647997,352732777953,1130294425950,55046202356,24539193611,79585395967,4327857932,1972118240,6299976172,781889505929,354704896193,1136594402122
2015-01-28,775933490835,351851747816,1127785238651,63920072891,29225212133,93145285024,4542722686,2053256497,6595979183,780476213521,353905004313,1134381217834
2015-01-27,773837742011,350754154067,1124591896078,75031235777,35437544742,110468780519,4699665607,2147278973,6846944580,778537407618,352901433040,1131438840658
2015-01-26,771373532853,348777876608,1120151409461,67111894515,31920558738,99032453253,4885928763,2257850624,7143779387,776259461616,351035727232,1127295188848
2015-01-23,766038511313,345978090123,1112016601436,82258662501,34841262077,117099924578,4700104444,2122592943,6822697387,770738615757,348100683066,1118839298823
2015-01-22,761668956446,344239309794,1105908266240,75064691111,35282495509,110347186620,4785141949,2215205369,7000347318,766454098395,346454515163,1112908613558
2015-01-21,754595954233,341025863121,1095621817354,91163378655,38564665690,129728044345,4822496958,2097482947,6919979905,759418451191,343123346068,1102541797259
2015-01-20,750762421151,340126356514,1090888777665,76513181618,31398009953,107911191571,4089037320,1781817717,5870855037,754851458471,341908174231,1096759632702
2015-01-19,752047988453,340806323416,1092854311869,72756876383,31304297213,104061173596,4006316935,1670336448,5676653383,756054305388,342476659864,1098530965252
2015-01-16,766660200847,344702543733,1111362744580,83138464387,29221750218,112360214605,5019945559,2021372924,7041318483,771680146406,346723916657,1118404063063
2015-01-15,762382827637,343792509454,1106175337091,71147906275,23670699950,94818606225,5061962503,1960122114,7022084617,767444790140,345752631568,1113197421708
2015-01-14,749750725573,341201284890,1090952010463,55908600370,23342662784,79251263154,4832460055,1885368528,6717828583,754583185628,343086653418,1097669839046
2015-01-13,740893116001,337225655535,1078118771536,52882711315,22634216323,75516927638,4970840174,1968502622,6939342796,745863956175,339194158157,1085058114332
2015-01-12,735878164519,336071465357,1071949629876,68855556662,24331316036,93186872698,5080926118,1985929255,7066855373,740959090637,338057394612,1079016485249
2015-01-09,726400724109,334096183516,1060496907625,87327038290,29236879032,116563917322,5383417787,2076584482,7460002269,731784141896,336172767998,1067956909894
2015-01-08,718485280095,334537113612,1053022393707,72365046460,28316028226,100681074686,5627589892,2248088027,7875677919,724112869987,336785201639,1060898071626
2015-01-07,715729306750,333570682580,1049299989330,81243060299,30805638905,112048699204,6161617855,2340163403,8501781258,721890924605,335910845983,1057801770588
2015-01-06,707391292198,330337451354,1037728743552,98370829909,37065808766,135436638675,5990342373,2275278509,8265620882,713381634571,332612729863,1045994364434
2015-01-05,700007355731,329575457077,1029582812808,102462217665,38277263968,140739481633,6127222126,2217097425,8344319551,706134577857,331792554502,1037927132359
2014-12-31,690304859709,327068013659,1017372873368,80629221496,26844068469,107473289965,6213794573,2069543360,8283337933,696518654282,329137557019,1025656211301
2014-12-30,691781993774,329254424765,1021036418539,76341827158,27279943983,103621771141,5620343498,2003342173,7623685671,697402337272,331257766938,1028660104210
2014-12-29,687678463441,329726505575,1017404969016,102445925919,34808467204,137254393123,5485660125,2019141043,7504801168,693164123566,331745646618,1024909770184
2014-12-26,678646298701,327402063637,1006048362338,87566428865,28614849447,116181278312,5392786771,2020274211,7413060982,684039085472,329422337848,1013461423320
2014-12-25,672974233665,327672264887,1000646498552,66548637889,21369685576,87918323465,5075978446,1865345672,6941324118,678050212111,329537610559,1007587822670
2014-12-24,667220851499,328550084368,995770935867,60785434137,21361323013,82146757150,4423264212,1683814097,6107078309,671644115711,330233898465,1001878014176
2014-12-23,669005263570,330834683231,999839946801,68088717135,24242924569,92331641704,4905506876,1833442059,6738948935,673910770446,332668125290,1006578895736
2014-12-22,670595742509,333117999016,1003713741525,96086844112,36497842145,132584686257,5146324106,1891669889,7037993995,675742066615,335009668905,1010751735520
2014-12-19,667260348402,332887991493,1000148339895,87986460410,35368656188,123355116598,4990159015,1872487066,6862646081,672250507417,334760478559,1007010985976
2014-12-18,657356997782,330563940557,987920938339,86108084304,34059840272,120167924576,5116335254,2008214912,7124550166,662473333036,332572155469,995045488505
2014-12-17,648449628389,328402340960,976851969349,105662386619,43066419642,148728806261,5036994474,2143780566,7180775040,653486622863,330546121526,984032744389
2014-12-16,637958256722,323932822626,961891079348,92376303515,38453978168,130830281683,4957962271,2198618522,7156580793,642916218993,326131441148,969047660141
2014-12-15,628731166297,320561784841,949292951138,76617552763,35588227437,112205780200,4669814929,2111951458,6781766387,633400981226,322673736299,956074717525
2014-12-12,619376064853,317342860758,936718925611,73760055817,32936080725,106696136542,4628969709,2099936678,6728906387,624005034562,319442797436,943447831998
2014-12-11,617381768756,317130122385,934511891141,81319089922,37899510038,119218599960,4817034195,2127206495,6944240690,622198802951,319257328880,941456131831
2014-12-10,614042935191,314842016854,928884952045,92619534535,39157124060,131776658595,4845585561,2072611552,6918197113,618888520752,316914628406,935803149158
2014-12-09,605492638583,314472401276,919965039859,121843297582,60506193793,182349491375,5039482033,1984107319,7023589352,610532120616,316456508595,926988629211
2014-12-08,595995563719,312025936835,908021500554,114513688894,50853489641,165367178535,5686867709,2293215519,7980083228,601682431428,314319152354,916001583782
2014-12-05,575483801438,305619301293,881103102731,113474295457,54407472156,167881767613,5035049577,2109259405,7144308982,580518851015,307728560698,888247411713
2014-12-04,569429142951,304103426914,873532569865,105227574155,51221931387,156449505542,5252685856,2248152394,7500838250,574681828807,306351579308,881033408115
2014-12-03,552052549201,297569545429,849622094630,99700572568,50318919860,150019492428,4791756429,2111661061,6903417490,556844305630,299681206490,856525512120
2014-12-02,545712569004,294527445532,840240014536,76886420448,34348297767,111234718215,4828937503,2133764989,6962702492,550541506507,296661210521,847202717028
2014-12-01,538392930415,293170546376,831563476791,77440824794,35872122585,113312947379,4568075249,2059722118,6627797367,542961005664,295230268494,838191274158
2014-11-28,528992449890,289934216371,818926666261,77397865373,37849678582,115247543955,4426133104,1987144178,6413277282,533418582994,291921360549,825339943543
2014-11-27,522913808670,288079438888,810993247558,67309594520,33734596483,101044191003,4099983450,1914063295,6014046745,527013792120,289993502183,817007294303
2014-11-26,518602496677,287575797759,806178294436,67013032917,33420588560,100433621477,3830675045,1826268166,5656943211,522433171722,289402065925,811835237647
2014-11-25,509781678532,283420919136,793202597668,59098287139,32469707549,91567994688,3601461778,1761501506,5362963284,513383140310,285182420642,798565560952
2014-11-24,499260287798,278405738436,777666026234,69936096428,34954091461,104890187889,3450542062,1746093244,5196635306,502710829860,280151831680,782862661540
2014-11-21,485787498700,271672855406,757460354106,37965320439,19657481810,57622802249,3334098780,1716778801,5050877581,489121597480,273389634207,762511231687
2014-11-20,483384872787,270730793831,754115666618,26772643084,15319797385,42092440469,3367936291,1775076736,5143013027,486752809078,272505870567,759258679645
2014-11-19,481691069603,269405793692,751096863295,29457074491,17096805905,46553880396,3264178092,1771528058,5035706150,484955247695,271177321750,756132569445
2014-11-18,479387054532,268351515901,747738570433,30864025290,14862522482,45726547772,3318621527,1755251272,5073872799,482705676059,270106767173,752812443232
2014-11-17,476797912474,267342627179,744140539653,33657280576,17043638187,50700918763,3685735609,1812735062,5498470671,480483648083,269155362241,749639010324
2014-11-14,474451979124,266181873622,740633852746,33685785420,16068029189,49753814609,3805366969,1775241387,5580608356,478257346093,267957115009,746214461102
2014-11-13,474102238964,265676217340,739778456304,47038257972,22517557164,69555815136,3918633272,1857395270,5776028542,478020872236,267533612610,745554484846
2014-11-12,471792706194,264919682375,736712388569,38069159328,17142506870,55211666198,3882134761,1859825486,5741960247,475674840955,266779507861,742454348816
2014-11-11,468511764722,264328693624,732840458346,59512181726,28073319217,87585500943,3677941190,1763847091,5441788281,472189705912,266092540715,738282246627
2014-11-10,464090522420,263599380069,727689902489,43074937834,22310332417,65385270251,3775253288,1852427880,5627681168,467865775708,265451807949,733317583657
2014-11-07,460794750926,262233726193,723028477119,43096954614,25019734450,68116689064,3151991170,1757450550,4909441720,463946742096,263991176743,727937918839
2014-11-06,460287164514,261977486810,722264651324,31786397981,18383625835,50170023816,3071093972,1762640409,4833734381,463358258486,263740127219,727098385705
2014-11-05,456679655698,260594884943,717274540641,35525776693,20987436212,56513212905,3175028313,1790499789,4965528102,459854684011,262385384732,722240068743
2014-11-04,453445058673,258290310680,711735369353,39878215488,22491184008,62369399496,3196509968,1756780883,4953290851,456641568641,260047091563,716688660204
2014-11-03,449802419175,255658025353,705460444528,41008787115,21355091937,62363879052,3221660705,1718135827,4939796532,453024079880,257376161180,710400241060
2014-10-31,444331032561,253259536186,697590568747,42922083624,22500570555,65422654179,3139694050,1645781655,4785475705,447470726611,254905317841,702376044452
2014-10-30,443442891214,253395341460,696838232674,39726432779,22137209086,61863641865,2863055358,1606838649,4469894007,446305946572,255002180109,701308126681
2014-10-29,439652493432,251830402363,691482895795,37671197598,23970392094,61641589692,2611824795,1504530459,4116355254,442264318227,253334932822,695599251049
2014-10-28,440302363994,251306469383,691608833377,27452149524,16557603324,44009752848,2314768155,1383416639,3698184794,442617132149,252689886022,695307018171
2014-10-27,441744151692,252916459729,694660611421,20724534608,12885339079,33609873687,1996485943,1248420527,3244906470,443740637635,254164880256,697905517891
2014-10-24,439035804092,251332983613,690368787705,20161466320,12568279885,32729746205,2199412318,1267486313,3466898631,441235216410,252600469926,693835686336
2014-10-23,436985726360,250370954468,687356680828,25192335627,16045968146,41238303773,2340514878,1329591072,3670105950,439326241238,251700545540,691026786778
2014-10-22,432871031115,247833277989,680704309104,24355603992,15329574777,39685178769,2693781267,1489942521,4183723788,435564812382,249323220510,684888032892
2014-10-21,430306864259,246365692928,676672557187,24884170638,15982971644,40867142282,2802116786,1579397419,4381514205,433108981045,247945090347,681054071392
2014-10-20,427824766563,245220110697,673044877260,23487001573,15458021594,38945023167,2824265997,1662995442,4487261439,430649032560,246883106139,677532138699
2014-10-17,425311288395,243931556370,669242844765,29063327336,18757948350,47821275686,2654957393,1555945854,4210903247,427966245788,245487502224,673453748012
2014-10-16,424530873677,244007042999,668537916676,35283134771,21055221732,56338356503,3010510230,1644464491,4654974721,427541383907,245651507490,673192891397
2014-10-15,422266917101,243708517436,665975434537,31845671858,21055176792,52900848650,2885487467,1636057649,4521545116,425152404568,245344575085,670496979653
2014-10-14,417913475124,241097505816,659010980940,30016767013,20909159330,50925926343,2752285172,1619385808,4371670980,420665760296,242716891624,663382651920
2014-10-13,413817989559,238718075412,652536064971,31602674452,21202583287,52805257739,2684864566,1580212717,4265077283,416502854125,240298288129,656801142254
2014-10-10,407459730065,235240705935,642700436000,34135897574,23571897590,57707795164,2772753535,1600021913,4372775448,410232483600,236840727848,647073211448
2014-10-09,403598187437,232733934061,636332121498,36582698297,26982269155,63564967452,2858754154,1588835014,4447589168,406456941591,234322769075,640779710666
2014-10-08,397396842118,228208036824,625604878942,37442090357,24801851916,62243942273,2836409256,1540895789,4377305045,400233251374,229748932613,629982183987
2014-09-30,386227534354,221183132346,607410666700,27147344071,16812119186,43959463257,2402153637,1318105923,3720259560,388629687991,222501238269,611130926260
2014-09-29,393042488212,226368010070,619410498282,28613142315,19185419168,47798561483,2644410326,1411802865,4056213191,395686898538,227779812935,623466711473
2014-09-26,395131055448,227206882365,622337937813,27354261183,18470982053,45825243236,2654825242,1390607533,4045432775,397785880690,228597489898,626383370588
2014-09-25,393151191091,225681032296,618832223387,35791324236,24352569715,60143893951,2618340050,1410691750,4029031800,395769531141,227091724046,622861255187
2014-09-24,388077718595,221650790476,609728509071,35224990253,22662607837,57887598090,2717092663,1473263454,4190356117,390794811258,223124053930,613918865188
2014-09-23,380499940014,216433330722,596933270736,22613124910,16211241348,38824366258,2580377167,1487059958,4067437125,383080317181,217920390680,601000707861
2014-09-22,377641662610,213381690141,591023352751,26802465503,17125294379,43927759882,2472695378,1414659491,3887354869,380114357988,214796349632,594910707620
2014-09-19,371414736256,209664826746,581079563002,23437077528,13817407150,37254484678,2743342013,1538033117,4281375130,374158078269,211202859863,585360938132
2014-09-18,371022528916,209395171107,580417700023,23454655704,14248555754,37703211458,2754050358,1556774977,4310825335,373776579274,210951946084,584728525358
2014-09-17,368035491871,208199324898,576234816769,24747959534,15957228262,40705187796,2633272090,1516400393,4149672483,370668763961,209715725291,580384489252
2014-09-16,364561939383,206778495582,571340434965,38576347008,23540331174,62116678182,2675808937,1476789752,4152598689,367237748320,208255285334,575493033654
2014-09-15,360155185805,205422474650,565577660455,30277233230,20366110750,50643343980,2786068344,1570580292,4356648636,362941254149,206993054942,569934309091
2014-09-12,354592937514,201790280729,556383218243,25877300283,16344150919,42221451202,2854744948,1554256128,4409001076,357447682462,203344536857,560792219319
2014-09-11,351356901278,200627702338,551984603616,31551508007,22874034263,54425542270,2809839184,1581467642,4391306826,354166740462,202209169980,556375910442
2014-09-10,347084945437,197804122291,544889067728,26516564784,18128204651,44644769435,2844850067,1596092247,4440942314,349929795504,199400214538,549330010042
2014-09-09,342444319645,194952306356,537396626001,29429506399,19112781349,48542287748,3157574813,1608174042,4765748855,345601894458,196560480398,542162374856
2014-09-05,337114774267,192230401519,529345175786,27435309267,19640827736,47076137003,3167707067,1592383729,4760090796,340282481334,193822785248,534105266582
2014-09-04,337616642418,191599924958,529216567376,27868392314,19599953843,47468346157,2987580074,1571388551,4558968625,340604222492,193171313509,533775536001
2014-09-03,334451881572,189182008296,523633889868,28142266923,18933623110,47075890033,2802271135,1528541918,4330813053,337254152707,190710550214,527964702921
2014-09-02,334304257645,188988952878,523293210523,25074482942,17264400270,42338883212,2575067297,1433345687,4008412984,336879324942,190422298565,527301623507
2014-09-01,334993392377,189148341022,524141733399,19375199451,13977770282,33352969733,2353464222,1321860139,3675324361,337346856599,190470201161,527817057760
2014-08-29,333028014188,187066201291,520094215479,14869789058,9827926694,24697715752,2336768882,1274282107,3611050989,335364783070,188340483398,523705266468
2014-08-28,331974283614,186179508950,518153792564,18075448159,12610666124,30686114283,2306178645,1291279446,3597458091,334280462259,187470788396,521751250655
2014-08-27,327033468171,183263199094,510296667265,15775159716,12104512169,27879671885,2506072682,1389626303,3895698985,329539540853,184652825397,514192366250
2014-08-26,324639044384,181687145410,506326189794,19645912134,15185454933,34831367067,2545234947,1451348148,3996583095,327184279331,183138493558,510322772889
2014-08-25,322692875254,179750871827,502443747081,20660713907,15622385752,36283099659,2712634191,1529420073,4242054264,325405509445,181280291900,506685801345
2014-08-22,320712615102,177595643285,498308258387,20931605475,15309048202,36240653677,2777758609,1575603853,4353362462,323490373711,179171247138,502661620849
2014-08-21,319781417111,176790093199,496571510310,20937372387,16340018547,37277390934,2783449809,1586285318,4369735127,322564866920,178376378517,500941245437
2014-08-20,316919893355,174787344145,491707237500,21102254552,16411051741,37513306293,2952936920,1633109695,4586046615,319872830275,176420453840,496293284115
2014-08-19,314000082686,172847992920,486848075606,24478938058,18320059671,42798997729,2971229057,1619974688,4591203745,316971311743,174467967608,491439279351
2014-08-18,311144915581,171787204800,482932120381,22116914462,16689123260,38806037722,2928628202,1588702350,4517330552,314073543783,173375907150,487449450933
2014-08-15,308505667412,169486106208,477991773620,19882847811,13672194354,33555042165,2926728670,1572690419,4499419089,311432396082,171058796627,482491192709
2014-08-14,307293179271,169134129287,476427308558,21440618954,14596155139,36036774093,2848463783,1513634094,4362097877,310141643054,170647763381,480789406435
2014-08-13,304160550816,167461113601,471621664417,22784891797,15741495340,38526387137,2941328293,1565459972,4506788265,307101879109,169026573573,476128452682
2014-08-12,300455598098,164974841167,465430439265,20662634626,14514746240,35177380866,2993821657,1551015900,4544837557,303449419755,166525857067,469975276822
2014-08-11,297415010530,162852733564,460267744094,19756935325,13302118470,33059053795,3098591058,1596942406,4695533464,300513601588,164449675970,464963277558
2014-08-08,295837518089,161773588797,457611106886,16839331892,11536925743,28376257635,2739068954,1470083027,4209151981,298576587043,163243671824,461820258867
2014-08-07,294718230086,161586436400,456304666486,21831148630,14176843064,36007991694,2880806829,1520801547,4401608376,297599036915,163107237947,460706274862
2014-08-06,291615855527,160502620399,452118475926,22133809226,14936898893,37070708119,3394814354,1631808491,5026622845,295010669881,162134428890,457145098771
2014-08-05,288090413294,159016516470,447106929764,21974257920,15054580464,37028838384,3367752810,1692680249,5060433059,291458166104,160709196719,452167362823
2014-08-04,285698012007,157788137497,443486149504,21361247609,12928829401,34290077010,3494808384,1706992424,5201800808,289192820391,159495129921,448687950312
2014-08-01,282807951055,156453118772,439261069827,20877644942,13972960532,34850605474,3183147027,1601948793,4785095820,285991098082,158055067565,444046165647
2014-07-31,283472878022,156553677865,440026555887,19428333365,13803857773,33232191138,3299144167,1631115901,4930260068,286772022189,158184793766,444956815955
2014-07-30,281191829508,154590068304,435781897812,21820828528,14150818664,35971647192,3224125568,1591042130,4815167698,284415955076,156181110434,440597065510
2014-07-29,277436563438,152833431488,430269994926,22313772448,15019480387,37333252835,3273443034,1567598445,4841041479,280710006472,154401029933,435111036405
2014-07-28,275792314276,152256189541,428048503817,25330816505,14856621970,40187438475,3096334488,1499143179,4595477667,278888648764,153755332720,432643981484
2014-07-25,276338715895,153400798150,429739514045,16146244265,10490987981,26637232246,2609137766,1303921447,3913059213,278947853661,154704719597,433652573258
2014-07-24,277337816759,153504405640,430842222399,19341209261,12019984434,31361193695,2523214638,1261619597,3784834235,279861031397,154766025237,434627056634
2014-07-23,275745037661,152861324301,428606361962,15381414613,10718692223,26100106836,2215194858,1237764367,3452959225,277960232519,154099088668,432059321187
2014-07-22,273882387833,151433243819,425315631652,14498460951,9607476528,24105937479,2198534959,1279172339,3477707298,276080922792,152712416158,428793338950
2014-07-21,272800679038,151122355870,423923034908,10107133251,7627013884,17734147135,2153674887,1201726716,3355401603,274954353925,152324082586,427278436511
2014-07-18,273067071370,150656631387,423723702757,10487979224,7389383370,17877362594,2050709730,1186869113,3237578843,275117781100,151843500500,426961281600
2014-07-17,274021765613,151453736609,425475502222,10449050940,7511188507,17960239447,2020042857,1147108624,3167151481,276041808470,152600845233,428642653703
2014-07-16,273677477762,151107413961,424784891723,13832170116,9576239699,23408409815,2024579463,1180895088,3205474551,275702057225,152288309049,427990366274
2014-07-15,272382809571,150398955359,422781764930,13649257521,11128919228,24778176749,1887331655,1149593656,3036925311,274270141226,151548549015,425818690241
2014-07-14,271692944012,149705817334,421398761346,14022448475,11352731283,25375179758,1819218966,1100989778,2920208744,273512162978,150806807112,424318970090
2014-07-11,270336177205,148434713823,418770891028,11432852766,9086575841,20519428607,1743881323,1099447305,2843328628,272080058528,149534161128,421614219656
2014-07-10,270150328048,147918438249,418068766297,11445433593,9671896576,21117330169,1789239958,1106517378,2895757336,271939568006,149024955627,420964523633
2014-07-09,268976908835,146858751178,415835660013,13708146360,11256492049,24964638409,1837924169,1115310851,2953235020,270814833004,147974062029,418788895033
2014-07-08,267771059963,146058741454,413829801417,11443120248,10280355447,21723475695,1941623111,1173817561,3115440672,269712683074,147232559015,416945242089
2014-07-07,266651924011,144732310202,411384234213,11498589639,10082135244,21580724883,1964318103,1164342730,3128660833,268616242114,145896652932,414512895046
2014-07-04,265436852269,143036468752,408473321021,11209332181,9990288764,21199620945,1909107890,1149594805,3058702695,267345960159,144186063557,411532023716
2014-07-03,265974898727,142431849206,408406747933,13478521704,10888132802,24366654506,1920076729,1178304375,3098381104,267894975456,143610153581,411505129037
2014-07-02,265240147977,141214732779,406454880756,12502321252,9523569906,22025891158,1804553417,1146852290,2951405707,267044701394,142361585069,409406286463
2014-07-01,264607937184,140301846226,404909783410,11619124167,9543534714,21162658881,1728225591,1119316381,2847541972,266336162775,141421162607,407757325382
2014-06-30,263735543924,139675360518,403410904442,11863350290,9355325114,21218675404,1864005213,1133248305,2997253518,265599549137,140808608823,406408157960
2014-06-27,262843748934,138582906260,401426655194,10674745540,8394341466,19069087006,1670352288,1074805098,2745157386,264514101222,139657711358,404171812580
2014-06-26,263901777459,138775464865,402677242324,8934494319,7726380809,16660875128,1705964326,1101034269,2806998595,265607741785,139876499134,405484240919
2014-06-25,264826122031,138654302742,403480424773,7798911904,6176755759,13975667663,1729313567,1096243772,2825557339,266555435598,139750546514,406305982112
2014-06-24,264557736440,138153448439,402711184879,8678669140,6237284859,14915953999,1783361767,1103211566,2886573333,266341098207,139256660005,405597758212
2014-06-23,264423995477,138216533467,402640528944,7984521565,5997731871,13982253436,1711404991,1062524752,2773929743,266135400468,139279058219,405414458687
2014-06-20,264462000733,138219049841,402681050574,7311573935,5561681024,12873254959,1659092486,1007739279,2666831765,266121093219,139226789120,405347882339
2014-06-19,264416711355,138334689643,402751400998,11575621771,8237475729,19813097500,1692954281,1010792411,2703746692,266109665636,139345482054,405455147690
2014-06-18,263464984389,137891876951,401356861340,10981607193,8205915553,19187522746,1905445146,1150559712,3056004858,265370429535,139042436663,404412866198
2014-06-17,261262566962,136299717016,397562283978,10678375115,8660445341,19338820456,1986059991,1201539381,3187599372,263248626953,137501256397,400749883350
2014-06-16,259830180798,134393068952,394223249750,10960047052,8964080087,19924127139,2128107268,1277084362,3405191630,261958288066,135670153314,397628441380
2014-06-13,259234464249,133262832272,392497296521,11035429772,8201708068,19237137840,1932557952,1222813706,3155371658,261167022201,134485645978,395652668179
2014-06-12,260095159980,133166994651,393262154631,9619440443,6896910949,16516351392,1880328796,1225110922,3105439718,261975488776,134392105573,396367594349
2014-06-11,259331157651,132749429540,392080587191,9242894688,7225228382,16468123070,1902826720,1223682335,3126509055,261233984371,133973111875,395207096246
2014-06-10,258915454209,132665627006,391581081215,9738387204,7245413081,16983800285,1925383864,1197410234,3122794098,260840838073,133863037240,394703875313
2014-06-09,258813086318,132433746205,391246832523,7991678955,6088547697,14080226652,1790513118,1125568617,2916081735,260603599436,133559314822,394162914258
2014-06-06,258783819562,131997487341,390781306903,7841012896,6206517925,14047530821,1676569971,1097655164,2774225135,260460389533,133095142505,393555532038
2014-06-05,258996504218,131978587266,390975091484,7718020196,5877935372,13595955568,1793129953,1134439831,2927569784,260789634171,133113027097,393902661268
2014-06-04,259577930516,131973265674,391551196190,8028118877,6020879826,14048998703,1702384698,1100665089,2803049787,261280315214,133073930763,394354245977
2014-06-03,259934197396,131331394313,391265591709,8771506084,6321806884,15093312968,1785620918,1137059983,2922680901,261719818314,132468454296,394188272610
2014-05-30,260267422226,131185022857,391452445083,8167969061,6496001132,14663970193,1702233281,1108008383,2810241664,261969655507,132293031240,394262686747
2014-05-29,261867723917,131519772934,393387496851,9774455584,7191625222,16966080806,1773432798,1122651594,2896084392,263641156715,132642424528,396283581243
2014-05-28,262495558871,131188336481,393683895352,10723796154,7447429512,18171225666,1849684934,1179940990,3029625924,264345243805,132368277471,396713521276
2014-05-27,262184505749,130855393558,393039899307,8449243396,5545951695,13995195091,1786177552,1146483842,2932661394,263970683301,132001877400,395972560701
2014-05-26,261798286090,130924185168,392722471258,8649747489,6789314445,15439061934,1769480155,1124346645,2893826800,263567766245,132048531813,395616298058
2014-05-23,262179721956,130608288131,392788010087,7232471152,4934800746,12167271898,1742951754,1078785628,2821737382,263922673710,131687073759,395609747469
2014-05-22,263285667241,131151919689,394437586930,8451473422,5267616850,13719090272,1758195332,1102100256,2860295588,265043862573,132254019945,397297882518
2014-05-21,263711250561,131425531346,395136781907,7437968535,4189820434,11627788969,1769018748,1075045093,2844063841,265480269309,132500576439,397980845748
2014-05-20,263329869576,131225946557,394555816133,7378819909,4146618248,11525438157,1660684994,1068728335,2729413329,264990554570,132294674892,397285229462
2014-05-19,262978461564,131564116814,394542578378,8257521627,3910163399,12167685026,1636149807,1077349574,2713499381,264614611371,132641466388,397256077759
2014-05-16,262504748253,131855897962,394360646215,6777228354,3932660093,10709888447,1674467649,1129708911,2804176560,264179215902,132985606873,397164822775
2014-05-15,263365496848,132375602143,395741098991,8055799282,4658832444,12714631726,1714345106,1115878535,2830223641,265079841954,133491480678,398571322632
2014-05-14,263785295626,132568689405,396353985031,7703544903,4261432959,11964977862,1827570230,1157814565,2985384795,265612865856,133726503970,399339369826
2014-05-13,263875665230,132650109536,396525774766,10210290975,5632371472,15842662447,1857824098,1139520839,2997344937,265733489328,133789630375,399523119703
2014-05-12,263336148453,132405875755,395742024208,12716672910,6852276820,19568949730,1887908530,1126213064,3014121594,265224056983,133532088819,398756145802
2014-05-09,262894808767,132010438866,394905247633,7334172832,4360540111,11694712943,1705756394,1054300715,2760057109,264600565161,133064739581,397665304742
2014-05-08,263640476055,132360616064,396001092119,7985052061,4709314220,12694366281,1789704684,1075643580,2865348264,265430180739,133436259644,398866440383
2014-05-07,263849484060,132324345893,396173829953,7547560079,4395146429,11942706508,1783931061,1069801213,2853732274,265633415121,133394147106,399027562227
2014-05-06,263870108487,132556981545,396427090032,8424672721,5209048970,13633721691,1790872794,1065537912,2856410706,265660981281,133622519457,399283500738
2014-05-05,263125449389,132144419353,395269868742,8516572164,4242917102,12759489266,1728998220,1040644207,2769642427,264854447609,133185063560,398039511169
2014-04-30,262009980050,131777501297,393787481347,7247352226,3354883748,10602235974,1635791841,992298412,2628090253,263645771891,132769799709,396415571600
2014-04-29,263634326264,133078486817,396712813081,7772909913,4038666972,11811576885,1691287829,996146109,2687433938,265325614093,134074632926,399400247019
2014-04-28,264627794987,133801873694,398429668681,8967146941,5345715474,14312862415,1613005629,967639455,2580645084,266240800616,134769513149,401010313765
2014-04-25,265576759765,134406598384,399983358149,9783865720,5154826661,14938692381,1721207938,1013876499,2735084437,267297967703,135420474883,402718442586
2014-04-24,266725968953,135275532849,402001501802,8580516470,5136860178,13717376648,1905803549,1066785475,2972589024,268631772502,136342318324,404974090826
2014-04-23,267460402473,135294175728,402754578201,8985208087,4943074933,13928283020,1860871023,1075230690,2936101713,269321273496,136369406418,405690679914
2014-04-22,266870388802,135486243127,402356631929,11267977775,6197465066,17465442841,1799916359,1055835797,2855752156,268670305161,136542078924,405212384085
2014-04-21,266692676276,135292011116,401984687392,11210339116,6377622122,17587961238,1769176200,1045036641,2814212841,268461852476,136337047757,404798900233
2014-04-18,266499969446,135570980904,402070950350,9577431792,4948413204,14525844996,1794892129,1071888428,2866780557,268294861575,136642869332,404937730907
2014-04-17,266776778235,136136680454,402913458689,10134509283,5861805002,15996314285,1934603170,1110772034,3045375204,268711381405,137247452488,405958833893
2014-04-16,266555259816,135732364471,402287624287,10267873861,5624550997,15892424858,1975243309,1144112306,3119355615,268530503125,136876476777,405406979902
2014-04-15,266244836275,135400244985,401645081260,13534438812,7261566971,20796005783,1903452565,1134328933,3037781498,268148288840,136534573918,404682862758
2014-04-14,264564175463,135011278285,399575453748,12074556314,6733850992,18808407306,2121974869,1200534770,3322509639,266686150332,136211813055,402897963387
2014-04-11,262883689026,134427843354,397311532380,14611841647,7682016877,22293858524,2175945347,1190500159,3366445506,265059634373,135618343513,400677977886
2014-04-10,262944130727,134157615960,397101746687,19699552948,9721965982,29421518930,2251706479,1177767503,3429473982,265195837206,135335383463,400531220669
2014-04-09,260538989557,133258482601,393797472158,12507535371,7179173806,19686709177,2046832746,1141455100,3188287846,262585822303,134399937701,396985760004
2014-04-08,259332941260,132832828796,392165770056,15064019071,7172488244,22236507315,2142303390,1119306715,3261610105,261475244650,133952135511,395427380161
2014-04-04,258587521605,132678299281,391265820886,8204649460,5244207881,13448857341,1915929285,1095067920,3010997205,260503450890,133773367201,394276818091
2014-04-03,259439552720,133266368132,392705920852,10708696243,5755484640,16464180883,1951085811,1096118712,3047204523,261390638531,134362486844,395753125375
2014-04-02,258348609225,133063941990,391412551215,9776632960,5766793833,15543426793,2028112154,1112260465,3140372619,260376721379,134176202455,394552923834
2014-04-01,258455252144,133390670334,391845922478,7454147839,4577911116,12032058955,1882870067,1042988390,2925858457,260338122211,134433658724,394771780935
2014-03-31,258890954278,133734521787,392625476065,8313336207,4618715517,12932051724,1788598988,985226831,2773825819,260679553266,134719748618,395399301884
2014-03-28,259105897661,133999279906,393105177567,10963018786,6606989111,17570007897,1781791692,969704793,2751496485,260887689353,134968984699,395856674052
2014-03-27,260095867854,134592397119,394688264973,12509484624,6938487874,19447972498,1858453331,1029003305,2887456636,261954321185,135621400424,397575721609
2014-03-26,259400663608,134477255344,393877918952,10473570962,6158261226,16631832188,1927608947,1039102876,2966711823,261328272555,135516358220,396844630775
2014-03-25,258315904924,134110825920,392426730844,12745301869,7125330842,19870632711,1903062121,1029099678,2932161799,260218967045,135139925598,395358892643
2014-03-24,257147141519,133546362047,390693503566,14887597993,7948086882,22835684875,1905006670,1020324375,2925331045,259052148189,134566686422,393618834611
2014-03-21,255770666920,133114506226,388885173146,14222628366,8008018711,22230647077,1740051312,971871568,2711922880,257510718232,134086377794,391597096026
2014-03-20,255559503792,132937562110,388497065902,10997485798,7219817924,18217303722,1946992062,1164110380,3111102442,257506495854,134101672490,391608168344
2014-03-19,255575562621,132753825164,388329387785,10216100311,6827086333,17043186644,2053149380,1174282213,3227431593,257628712001,133928107377,391556819378
2014-03-18,254150400180,132072359605,386222759785,11016382497,7096260882,18112643379,2153234090,1251376072,3404610162,256303634270,133323735677,389627369947
2014-03-17,253043587759,131453468039,384497055798,9484884772,6249357558,15734242330,2184786624,1235208907,3419995531,255228374383,132688676946,387917051329
2014-03-14,252331071010,131263686372,383594757382,8951176202,5374764793,14325940995,2151721772,1176438641,3328160413,254482792782,132440125013,386922917795
2014-03-13,252761075051,131694749107,384455824158,10331280705,5745231872,16076512577,2192453531,1207806318,3400259849,254953528582,132902555425,387856084007
2014-03-12,251945854288,131929800058,383875654346,10131458341,6716508212,16847966553,1997247313,1124373854,3121621167,253943101601,133054173912,386997275513
2014-03-11,252038649300,132752990778,384791640078,9244370725,5589980928,14834351653,1917867637,1069149681,2987017318,253956516937,133822140459,387778657396
2014-03-10,252414971026,133288015533,385702986559,11738421987,7180649471,18919071458,1830208829,1016380843,2846589672,254245179855,134304396376,388549576231
2014-03-07,253050872759,133932830874,386983703633,11198350419,7248556165,18446906584,1793411804,1063205875,2856617679,254844284563,134996036749,389840321312
2014-03-06,253730966768,134721363189,388452329957,11798471888,7516807984,19315279872,1704549281,1036205414,2740754695,255435516049,135757568603,391193084652
2014-03-05,253240132979,134516959625,387757092604,11196972813,7474754048,18671726861,1750662801,1041012803,2791675604,254990795780,135557972428,390548768208
2014-03-04,252351780621,133965321608,386317102229,12125200646,7909021682,20034222328,1699560915,1027792955,2727353870,254051341536,134993114563,389044456099
2014-03-03,251983073596,133291795071,385274868667,12657075837,7656299094,20313374931,1677166495,1030030936,2707197431,253660240091,134321826007,387982066098
2014-02-28,250685575955,133000754390,383686330345,11898490852,7143021269,19041512121,1590875805,972451074,2563326879,252276451760,133973205464,386249657224
2014-02-27,250675886815,133836437720,384512324535,13592753313,9550317478,23143070791,1624211532,947769242,2571980774,252300098347,134784206962,387084305309
2014-02-26,250664112715,134337867051,385001979766,11539038673,8080390067,19619428740,1410092409,903647007,2313739416,252074205124,135241514058,387315719182
2014-02-25,249672061830,134552028367,384224090197,15187411554,11445235276,26632646830,1436846056,915513985,2352360041,251108907886,135467542352,386576450238
2014-02-24,250050968636,135112215913,385163184549,13189674622,9342781426,22532456048,1480014536,982857528,2462872064,251530983172,136095073441,387626056613
2014-02-21,249701725590,134211467314,383913192904,12045784878,7939942137,19985727015,1549862047,1043791123,2593653170,251251587637,135255258437,386506846074
2014-02-20,249861080842,134302624574,384163705416,16705939916,10870380122,27576320038,1702618265,1147789110,2850407375,251563699107,135450413684,387014112791
2014-02-19,248756501420,133479632626,382236134046,16467807361,11188319569,27656126930,1710771073,1175471771,2886242844,250467272493,134655104397,385122376890
2014-02-18,246823602738,132564178922,379387781660,16987912093,11885801473,28873713566,1524191379,1125231062,2649422441,248347794117,133689409984,382037204101
2014-02-17,244480638839,130763434575,375244073414,16297930378,11733437266,28031367644,1609881723,1130397610,2740279333,246090520562,131893832185,377984352747
2014-02-14,242428321403,129064195108,371492516511,11422214895,8433086184,19855301079,1540651251,1087396806,2628048057,243968972654,130151591914,374120564568
2014-02-13,242214544627,129043098043,371257642670,16575349032,12112911009,28688260041,1598740564,1082165251,2680905815,243813285191,130125263294,373938548485
2014-02-12,239798698269,127778649968,367577348237,14427258810,10830429225,25257688035,1556251316,1080941258,2637192574,241354949585,128859591226,370214540811
2014-02-11,237113578259,126089509278,363203087537,17047728070,13504503311,30552231381,1588789186,1052163889,2640953075,238702367445,127141673167,365844040612
2014-02-10,233894222460,123683414094,357577636554,15675885762,12285135501,27961021263,1481220821,1040094430,2521315251,235375443281,124723508524,360098951805
2014-02-07,230299148177,121492862105,351792010282,10055176584,8299119920,18354296504,1303402675,968990967,2272393642,231602550852,122461853072,354064403924
2014-01-30,227890201770,119293796172,347183997942,7046396520,6235793741,13282190261,1158623034,826943536,1985566570,229048824804,120120739708,349169564512
2014-01-29,230617999048,121453515825,352071514873,8042093293,7297243101,15339336394,1337871390,913093909,2250965299,231955870438,122366609734,354322480172
2014-01-28,231923649468,121958918427,353882567895,7893789417,7086046341,14979835758,1349330588,946928720,2296259308,233272980056,122905847147,356178827203
2014-01-27,232466131188,121879708837,354345840025,10823464032,9497700275,20321164307,1323031454,975807669,2298839123,233789162642,122855516506,356644679148
2014-01-24,231774564282,121213812624,352988376906,10368793788,8995284717,19364078505,1391626771,1029533404,2421160175,233166191053,122243346028,355409537081
2014-01-23,231945821615,121140756328,353086577943,10130547148,8902240777,19032787925,1495065117,1060126180,2555191297,233440886732,122200882508,355641769240
2014-01-22,231326049737,120500016341,351826066078,10873150808,8616028369,19489179177,1619788087,1024227238,2644015325,232945837824,121524243579,354470081403
2014-01-21,230777571850,120137128712,350914700562,6968031351,6142686877,13110718228,1502450099,985368930,2487819029,232280021949,121122497642,353402519591
2014-01-20,230791913661,119787905416,350579819077,5607296766,5210375287,10817672053,1499170924,986907634,2486078558,232291084585,120774813050,353065897635
2014-01-17,230412377549,119334437800,349746815349,6844410935,5664614712,12509025647,1526453295,1017359788,2543813083,231938830844,120351797588,352290628432
2014-01-16,230060965821,119012776963,349073742784,7656168912,5843328386,13499497298,1627160554,1123940064,2751100618,231688126375,120136717027,351824843402
2014-01-15,229811843792,118769845710,348581689502,7343289231,5747191790,13090481021,1597822610,1134639027,2732461637,231409666402,119904484737,351314151139
2014-01-14,229311743389,118531153414,347842896803,6685515130,5685888294,12371403424,1608590091,1092400422,2700990513,230920333480,119623553836,350543887316
2014-01-13,229499201270,118268115191,347767316461,6346364908,5039179023,11385543931,1568228234,1059510565,2627738799,231067429504,119327625756,350395055260
2014-01-10,229737294553,118283934583,348021229136,7004169454,5533141953,12537311407,1537336124,1032734206,2570070330,231274630677,119316668789,350591299466
2014-01-09,230020088540,118033548830,348053637370,8847269593,7671101895,16518371488,1593767536,1143927355,2737694891,231613856076,119177476185,350791332261
2014-01-08,229156113820,117577564832,346733678652,7463940724,7189370956,14653311680,1636238245,1142752205,2778990450,230792352065,118720317037,349512669102
2014-01-07,228638358705,116999398760,345637757465,5910246628,5072496788,10982743416,1583705720,1085256420,2668962140,230222064425,118084655180,348306719605
2014-01-06,228761343756,116407848924,345169192680,8036279087,6108909995,14145189082,1523790712,1063119637,2586910349,230285134468,117470968561,347756103029
2014-01-03,228595221625,115981385912,344576607537,8292729532,6661531106,14954260638,1513927862,1058100295,2572028157,230109149487,117039486207,347148635694
2014-01-02,228710320652,116098519468,344808840120,7318939312,6186930404,13505869716,1557077302,1074252669,2631329971,230267397954,117172772137,347440170091
2013-12-31,227978800560,115491348382,343470148942,8322266045,5575720624,13897986669,1941704951,1115029877,3056734828,229920505511,116606378259,346526883770
2013-12-30,227841453605,115481481588,343322935193,7661097572,6065625465,13726723037,1576943369,1042044684,2618988053,229418396974,116523526272,345941923246
2013-12-27,226225117946,114248007896,340473125842,7154176521,5383625087,12537801608,1633137598,1100931431,2734069029,227858255544,115348939327,343207194871
2013-12-26,226080169376,114226332960,340306502336,7599426050,5753362290,13352788340,1555870062,1086356127,2642226189,227636039438,115312689087,342948728525
2013-12-25,225648698731,113599276616,339247975347,7189385295,5055376006,12244761301,1601746673,1088008027,2689754700,227250445404,114687284643,341937730047
2013-12-24,224885880852,112901535143,337787415995,7147729797,4702808267,11850538064,1623243047,1078102137,2701345184,226509123899,113979637280,340488761179
2013-12-23,224630867846,112607483627,337238351473,6322420368,4321763745,10644184113,2056358199,1024918935,3081277134,226687226045,113632402562,340319628607
2013-12-20,224521974124,112576999415,337098973539,8431881585,4674084066,13105965651,1991697488,1035595339,3027292827,226513671612,113612594754,340126266366
2013-12-19,223938461000,112642522114,336580983114,7640597803,4918980901,12559578704,2222825167,1111889346,3334714513,226161286167,113754411460,339915697627
2013-12-18,223477645995,112391488844,335869134839,6566113157,4359318314,10925431471,2331707768,1144735020,3476442788,225809353763,113536223864,339345577627
2013-12-17,223119201208,112372299375,335491500583,7944323087,4937862080,12882185167,2289216797,1159358888,3448575685,225408418005,113531658263,338940076268
2013-12-16,222639526363,111963376295,334602902658,10065271956,6070913915,16136185871,2295022879,1129512305,3424535184,224934549242,113092888600,338027437842
2013-12-13,222160998519,111840127972,334001126491,8306245916,5220758720,13527004636,2400704905,1172186697,3572891602,224561703424,113012314669,337574018093
2013-12-12,221822316366,111937430556,333759746922,9104756903,5799900378,14904657281,2475665080,1227162480,3702827560,224297981446,113164593036,337462574482
2013-12-11,221251487178,111492453115,332743940293,11396977221,6043913331,17440890552,2439830624,1199937534,3639768158,223691317802,112692390649,336383708451
2013-12-10,220430882924,111345274365,331776157289,10904198792,6647166227,17551365019,2719960237,1297537290,4017497527,223150843161,112642811655,335793654816
2013-12-09,219870191278,110759190047,330629381325,10295777349,6546339489,16842116838,2691086939,1287738664,3978825603,222561278217,112046928711,334608206928
2013-12-06,219018926924,109948679907,328967606831,11386150208,6240539856,17626690064,2687886724,1273403764,3961290488,221706813648,111222083671,332928897319
2013-12-05,218992823965,109926434622,328919258587,13270367701,7213238970,20483606671,2908320533,1316872113,4225192646,221901144498,111243306735,333144451233
2013-12-04,217474470295,109631851835,327106322130,16912819278,8373810515,25286629793,2920550103,1373522515,4294072618,220395020398,111005374350,331400394748
2013-12-03,215434592177,109290544355,324725136532,11588419026,6520492020,18108911046,2875096546,1299984342,4175080888,218309688723,110590528697,328900217420
2013-12-02,214501095497,109056728460,323557823957,18825414865,10142057003,28967471868,2871419826,1228199967,4099619793,217372515323,110284928427,327657443750
2013-11-29,214338911415,109122780731,323461692146,12276834363,7428000039,19704834402,2658498226,1230136924,3888635150,216997409641,110352917655,327350327296
2013-11-28,213683293087,109075735483,322759028570,15322298770,8615532717,23937831487,2760348375,1286305870,4046654245,216443641462,110362041353,326805682815
2013-11-27,212898156243,108692060976,321590217219,13499390746,7892170066,21391560812,2796133632,1259393391,4055527023,215694289875,109951454367,325645744242
2013-11-26,211631484011,108101302559,319732786570,10115487484,5866491843,15981979327,2740380984,1259305311,3999686295,214371864995,109360607870,323732472865
2013-11-25,210513952379,107552152644,318066105023,11502984333,6204626754,17707611087,2766978465,1305895103,4072873568,213280930844,108858047747,322138978591
2013-11-22,209874858137,106834887807,316709745944,12613775426,6396685965,19010461391,2790740399,1255453788,4046194187,212665598536,108090341595,320755940131
2013-11-21,210072572200,106899806663,316972378863,14047646788,7923859609,21971506397,2836659491,1273739359,4110398850,212909231691,108173546022,321082777713
2013-11-20,209551620382,106087273421,315638893803,11941657028,6558755962,18500412990,2899116267,1305775433,4204891700,212450736649,107393048854,319843785503
2013-11-19,208019451901,105253593734,313273045635,14291513606,7275231392,21566744998,2945513244,1290263192,4235776436,210964965145,106543856926,317508822071
2013-11-18,206617132564,104538386226,311155518790,17385149820,8148170503,25533320323,3031303176,1281782631,4313085807,209648435740,105820168857,315468604597
2013-11-15,204613488552,103917975768,308531464320,12875770762,7218782563,20094553325,2471550714,1217549751,3689100465,207085039266,105135525519,312220564785
2013-11-14,204094642394,103897276579,307991918973,8086155715,4959778032,13045933747,2432882670,1251442301,3684324971,206527525064,105148718880,311676243944
2013-11-13,203714786414,103954825531,307669611945,7971881104,4425751960,12397633064,2291868589,1252529296,3544397885,206006655003,105207354827,311214009830
2013-11-12,204586680613,104374065038,308960745651,7050099028,4494044827,11544143855,2366914676,1269142049,3636056725,206953595289,105643207087,312596802376
2013-11-11,205042273510,104599091137,309641364647,6425591468,3961488137,10387079605,2177365481,1209067395,3386432876,207219638991,105808158532,313027797523
2013-11-08,205288449011,104624498906,309912947917,7553280095,4450267012,12003547107,2135590463,1137302458,3272892921,207424039474,105761801364,313185840838
2013-11-07,205764221280,104960990717,310725211997,7550981079,4905832429,12456813508,2345686986,1163285268,3508972254,208109908266,106124275985,314234184251
2013-11-06,205683423245,104986678608,310670101853,9209313933,5984357470,15193671403,2429767206,1201444625,3631211831,208113190451,106188123233,314301313684
2013-11-05,205472045476,104899300930,310371346406,8215742533,5547967064,13763709597,2496007077,1227642534,3723649611,207968052553,106126943464,314094996017
2013-11-04,205076226328,104563530196,309639756524,7331468487,4456605044,11788073531,2477597195,1226353723,3703950918,207553823523,105789883919,313343707442
2013-11-01,204392050866,104366022209,308758073075,7333884215,4522990211,11856874426,2426487149,1211202509,3637689658,206818538015,105577224718,312395762733
2013-10-31,205743564821,105219517428,310963082249,9119163699,5773320513,14892484212,2410668233,1219917023,3630585256,208154233054,106439434451,314593667505
2013-10-30,205960182509,105136676010,311096858519,10483842273,6191712619,16675554892,2493786032,1233736484,3727522516,208453968541,106370412494,314824381035
2013-10-29,205671288019,104862238545,310533526564,12384293585,7825222585,20209516170,2334651767,1147599964,3482251731,208005939786,106009838509,314015778295
2013-10-28,207060004715,105661629431,312721634146,8194772139,5515968931,13710741070,2273933933,1119217843,3393151776,209333938648,106780847274,316114785922
2013-10-25,206294779848,105784880121,312079659969,10652188072,6953663790,17605851862,2233689869,1114996559,3348686428,208528469717,106899876680,315428346397
2013-10-24,206258104969,106058139231,312316244200,9279885380,5873188271,15153073651,2350893103,1233241402,3584134505,208608998072,107291380633,315900378705
2013-10-23,205582514365,105781681744,311364196109,12942644847,9004429874,21947074721,2381959619,1299034692,3680994311,207964473984,107080716436,315045190420
2013-10-22,205600238723,105722213848,311322452571,14930082234,10288969057,25219051291,2448248584,1265647278,3713895862,208048487307,106987861126,315036348433
2013-10-21,204341953702,105396348912,309738302614,13903779523,9125567576,23029347099,2472862227,1323984396,3796846623,206814815929,106720333308,313535149237
2013-10-18,202632187972,104170446735,306802634707,9052738286,6418431052,15471169338,2392196627,1248659146,3640855773,205024384599,105419105881,310443490480
2013-10-17,203294640806,104094599532,307389240338,11697484959,7444609181,19142094140,2324039569,1237329969,3561369538,205618680375,105331929501,310950609876
2013-10-16,202459072287,104209428015,306668500302,14308912267,8508459310,22817371577,2307926333,1218008586,3525934919,204766998620,105427436601,310194435221
2013-10-15,202446094767,103862850768,306308945535,14754585887,9197636676,23952222563,2497712626,1262677800,3760390426,204943807393,105125528568,310069335961
2013-10-14,200189301778,102832589600,303021891378,16401031686,9548475267,25949506953,2495987584,1314073001,3810060585,202685289362,104146662601,306831951963
2013-10-11,197583295389,101570392394,299153687783,15382323544,8963686482,24346010026,2467334758,1278301332,3745636090,200050630147,102848693726,302899323873
2013-10-10,195962993170,100838277209,296801270379,15182552559,9472849061,24655401620,2354044553,1282002450,3636047003,198317037723,102120279659,300437317382
2013-10-09,193433461807,99389769342,292823231149,13769689813,8301627959,22071317772,2456450737,1253461484,3709912221,195889912544,100643230826,296533143370
2013-10-08,190620546052,97834223068,288454769120,15019950957,9324783934,24344734891,2507698233,1273132866,3780831099,193128244285,99107355934,292235600219
2013-09-30,187007772810,95705401400,282713174210,9374945480,5975859610,15350805090,2277092903,1100641339,3377734242,189284865713,96806042739,286090908452
